0.991042
0.999839
1
0.999611
0.980994
0.972564
0.999995
1
1
0.999998
0.999997
1
1
0.999999
0.99998
0.999984
6.81716e-006
5.30928e-006
3.74551e-006
3.88348e-006
5.11527e-006
5.77053e-006
3.96135e-006
4.37347e-006
7.09305e-006
5.05264e-006
4.57519e-006
5.9937e-006
1.63498e-005
7.99328e-006
5.38376e-006
5.36285e-006
0.024767
0.00144844
7.70989e-006
0.000347426
0.220298
0.124677
0.00257981
1.68419e-005
5.07465e-005
0.00519593
0.000156988
1.69637e-006
0.612648
0.280359
0.00933616
0.00262436
2.07827e-005
1.71268e-005
9.42863e-006
1.19151e-005
1.05075e-005
1.37843e-005
8.31697e-006
1.22731e-005
1.67473e-005
1.52532e-005
1.07218e-005
1.58531e-005
4.77493e-005
2.5361e-005
1.11913e-005
1.80789e-005
0.643882
0.994908
0.999505
0.999949
0.998267
0.999943
0.999584
0.801702
0.22888
0.722661
0.908463
0.298586
3.29785e-007
0.090888
0.533452
0.997052
0.373994
0.129787
0.227704
0.820956
0.883418
0.980635
0.862089
0.724155
0.0102619
0.345828
0.706852
0.999799
0.999758
0.995064
0.978726
0.994929
0.187815
0.99616
0.985437
0.980815
0.378125
0.995965
0.530251
0.995334
0.650137
0.994751
0.998127
0.999463
0.325639
0.589136
0.893766
0.723461
3.57036e-009
5.87237e-010
2.2189e-010
1.76945e-013
4.97768e-011
1.40577e-010
2.49726e-011
4.76771e-010
0.00113069
4.69026e-007
2.56834e-008
1.67991e-009
0.653437
0.000110374
1.29296e-007
5.33794e-012
0.9998
0.532727
0.728456
0.986443
0.736008
0.603906
0.304715
0.0106898
4.51739e-008
0.00214907
0.516315
0.621024
0.0629184
0.491755
0.931019
0.999511
0.0733311
0.000870078
0.0547501
0.502056
0.874784
0.961902
0.0588143
2.75402e-006
1.11039e-008
0.00163418
0.00420378
0.438382
0.000159171
0.220266
0.548778
0.91475
1.94401e-005
2.19396e-005
1.22131e-005
1.5467e-005
1.71136e-005
2.39528e-005
9.5839e-006
1.38338e-005
1.33386e-005
1.78103e-005
1.29264e-005
1.9888e-005
2.58123e-005
2.73202e-005
1.63375e-005
1.72832e-005
0.503347
0.750569
0.996722
0.0219216
0.34639
0.264542
0.673957
0.803368
0.999131
0.99742
0.999903
0.671522
0.744353
0.293363
0.489122
0.0121415
0.000102831
8.47934e-005
5.46413e-005
6.21697e-005
8.27828e-005
8.38532e-005
5.45844e-005
5.63477e-005
9.79087e-005
7.85848e-005
6.08618e-005
6.55577e-005
0.000127071
7.71517e-005
6.02387e-005
7.21793e-005
0.209139
0.00277531
0.0918801
0.482955
0.961589
0.903329
0.354405
0.000534516
1.04166e-005
0.0106427
0.0927625
0.776494
0.263025
0.335464
0.432425
0.742991
0.000562267
0.000651688
0.000781407
9.62227e-007
0.000526064
1.08081e-006
1.86141e-006
1.95671e-006
0.9978
0.495962
0.0206544
1.90281e-009
0.77978
0.244508
0.00327162
8.08171e-008
0.3031
0.225819
0.0146318
0.00293713
0.0206648
5.32155e-006
0.0306822
0.833959
0.999997
0.761574
0.31492
0.00868372
1
0.975013
0.422332
7.03062e-005
