0.999518
0.999984
1
1
0.98038
0.971028
0.999996
1
1
1
0.999999
0.999998
0.999997
0.999978
0.999978
0.999994
1.14774e-005
4.79787e-006
3.73124e-006
5.71562e-006
8.1207e-006
7.50146e-006
6.65079e-006
5.7851e-006
9.20658e-006
6.37192e-006
7.46782e-006
7.90808e-006
2.87464e-005
1.22004e-005
9.08641e-006
9.54081e-006
0.0127844
0.063564
0.0208875
6.42208e-007
0.163394
0.207402
0.000656605
1.87985e-008
3.92591e-006
0.000748724
0.000430562
4.13871e-007
0.560569
0.61136
0.233457
3.15124e-005
3.6535e-005
1.59834e-005
9.25459e-006
1.4649e-005
1.95176e-005
2.00022e-005
1.68876e-005
2.08769e-005
3.30456e-005
2.14541e-005
1.66337e-005
2.22984e-005
0.000107102
4.70385e-005
2.00259e-005
2.74095e-005
0.0202343
0.875486
0.996828
0.909508
0.696293
0.892395
0.631381
0.0124578
0.000239997
0.00336981
0.472883
0.0136895
4.50468e-010
6.00672e-005
0.284
0.445175
0.995934
0.13161
0.000396931
0.893043
0.999966
0.999909
0.991533
0.999996
0.77478
0.650634
0.998359
1
1
1
0.999879
0.999997
0.235897
0.652806
0.799866
1
0.344132
0.725512
0.678
0.999997
0.625668
0.762769
0.984587
0.999939
0.243493
0.25493
0.756175
0.999375
2.63745e-006
5.32325e-007
3.90834e-008
3.59256e-009
2.33492e-008
4.81615e-008
2.99332e-008
0.000374126
0.461943
0.0466856
9.25601e-005
0.000117851
0.999975
0.337526
5.21571e-005
4.34055e-009
0.952029
0.448591
0.0209626
0.000275368
0.632705
0.689854
0.00110251
1.32826e-006
2.14977e-010
8.5669e-006
0.496581
0.74971
0.227294
0.479773
0.699717
0.972547
0.495075
0.00513372
3.79063e-006
2.08247e-005
0.714271
0.578323
0.000254259
8.64869e-005
1.70203e-010
0.000390745
0.505313
0.920099
0.00180955
0.000830486
0.0512087
0.991302
3.021e-005
1.45635e-005
1.05049e-005
1.57696e-005
2.34245e-005
2.74685e-005
1.41506e-005
1.49895e-005
1.61497e-005
1.74488e-005
1.88266e-005
1.9115e-005
3.35759e-005
2.67079e-005
2.31255e-005
2.27205e-005
0.92034
0.998301
0.998205
0.999967
0.12792
0.000856418
0.741023
0.999998
0.999997
0.998974
0.966368
0.582498
0.493486
0.144779
0.0171538
0.0176443
0.000133177
7.65775e-005
5.16455e-005
7.89093e-005
9.51052e-005
8.47952e-005
8.37029e-005
7.23545e-005
0.000116016
8.71651e-005
8.78002e-005
8.8844e-005
0.000173543
0.000107209
8.87697e-005
0.000104413
0.960618
0.0251942
7.59023e-006
0.000124232
0.998867
0.985716
0.324451
0.418469
8.38714e-007
0.018871
0.765912
0.999985
0.565667
0.47277
0.722197
0.999817
4.95603e-006
0.106343
0.358072
8.94679e-005
0.00409802
0.000838287
2.2549e-006
3.50026e-008
0.998584
0.709943
0.144426
3.35052e-011
0.774444
0.417142
0.0898843
1.91502e-009
0.250171
0.557682
0.745069
0.256794
0.311748
0.00997152
0.228787
0.285582
1
0.999528
0.491849
6.1965e-008
1
0.999953
0.504807
2.72789e-005
