0.537131
0.915546
0.998341
0.999998
0.779655
0.988296
1
1
1
1
0.999996
0.999999
0.999995
0.999415
0.99972
0.999999
1.29878e-005
4.35221e-006
3.26886e-006
4.34707e-006
7.1441e-006
5.62535e-006
5.09372e-006
5.31289e-006
8.86107e-006
6.34614e-006
6.60767e-006
8.65505e-006
2.8757e-005
1.11686e-005
7.70633e-006
1.33699e-005
0.84933
0.284509
0.0959647
8.56082e-006
0.653854
0.012097
0.000153155
2.39198e-008
3.16849e-005
7.04939e-005
0.00390648
1.20648e-007
0.858444
0.535872
0.183977
2.33908e-007
3.96072e-005
1.48437e-005
8.12714e-006
1.0795e-005
1.55144e-005
1.34007e-005
1.29545e-005
1.41915e-005
2.78164e-005
1.89602e-005
1.7457e-005
2.13434e-005
9.29675e-005
3.45515e-005
1.84344e-005
3.06057e-005
0.0585566
0.973283
0.999991
0.999862
0.944135
0.950721
0.938086
0.302582
0.00116423
0.0580058
0.470247
0.108976
3.97027e-011
9.03964e-005
0.855743
0.720659
0.79869
0.236172
0.000635357
0.536894
0.993658
0.999538
0.63054
0.918181
0.0977526
0.459067
0.984403
1
1
0.999985
0.997357
0.999998
4.10503e-005
0.257395
0.868967
0.999994
0.0220145
0.889435
0.794925
0.999985
0.48131
0.999968
0.999921
0.998247
0.0167027
0.379028
0.751954
0.99999
4.93458e-007
1.6826e-007
2.21149e-010
2.46989e-013
1.25442e-009
2.54723e-009
2.92973e-009
5.73138e-007
0.417856
0.000342868
3.34615e-007
3.36991e-006
0.998774
0.0531352
5.62319e-008
9.69528e-010
1
0.92105
0.495505
0.215097
0.595893
0.466094
6.73384e-005
7.36186e-008
5.2821e-011
9.1006e-007
0.786191
0.624784
0.251625
0.648808
0.825854
0.451176
0.71884
0.00351731
0.00514002
0.242867
0.532914
0.313672
9.7644e-006
3.25867e-008
1.29494e-012
0.000554102
0.398806
0.504843
0.0033547
0.21527
0.439752
0.390471
2.9757e-005
1.37293e-005
1.14019e-005
1.5602e-005
2.21859e-005
1.92924e-005
1.11011e-005
1.34665e-005
1.52123e-005
1.7942e-005
2.20519e-005
2.09449e-005
3.61865e-005
2.96899e-005
2.48056e-005
2.57172e-005
0.14253
0.501249
0.506834
0.75801
7.82438e-005
0.0156784
0.998832
1
0.999999
0.999926
0.995812
0.628132
0.349172
0.155496
0.00647264
0.693533
0.000135793
6.57283e-005
5.63743e-005
7.57759e-005
9.04513e-005
7.06623e-005
7.74729e-005
5.65771e-005
0.000112519
8.57085e-005
8.86439e-005
9.03721e-005
0.000170726
9.43522e-005
8.83661e-005
0.000139146
0.992367
0.344584
0.0157755
0.1537
0.984246
0.795328
0.0155261
0.00109437
6.4434e-008
0.00804398
0.501681
0.988521
0.517544
0.778293
0.562888
0.503325
4.91545e-007
0.0951448
0.267757
4.57835e-005
0.0415056
0.000423194
2.27529e-005
5.87277e-006
0.999972
0.643307
0.137416
1.40998e-011
0.830122
0.469828
0.0253557
9.40624e-009
0.0368249
0.648862
0.528294
0.137338
0.449775
0.000157294
0.607674
0.884088
1
0.999745
0.421535
1.07238e-005
1
0.999714
0.226734
0.000819226
