0.0574202
0.55556
0.778487
0.999823
0.59729
0.739097
0.999999
1
1
1
0.966435
0.998955
0.999999
0.999403
0.985372
0.997559
7.14042e-006
2.71412e-006
1.7607e-006
2.09946e-006
3.84571e-006
3.04345e-006
2.66731e-006
3.95713e-006
4.26454e-006
2.18035e-006
2.56488e-006
5.44302e-006
1.15299e-005
3.6191e-006
2.25372e-006
2.41682e-006
0.730646
0.255946
0.245504
4.77899e-005
0.691867
0.192477
4.79025e-006
9.53969e-007
0.000186705
0.00126364
0.0472201
6.315e-005
0.883661
0.284563
0.131099
0.0011178
2.03031e-005
8.85109e-006
3.91579e-006
5.02508e-006
7.44552e-006
6.88447e-006
5.27089e-006
1.0821e-005
9.78962e-006
6.29835e-006
6.12101e-006
1.37544e-005
3.27149e-005
1.14511e-005
4.94563e-006
7.02358e-006
0.93614
0.999968
1
1
0.999996
0.999999
0.999983
0.881462
0.520188
0.985506
0.998022
0.937021
2.59545e-007
0.591909
0.999521
0.999997
0.272876
8.69176e-005
7.22461e-008
0.00819651
0.0638475
0.126891
0.0114969
0.443832
3.57767e-005
0.000980208
0.165054
0.998181
0.997774
0.420707
0.00336194
0.507609
0.00157744
0.225466
0.879168
0.999999
0.410181
0.954916
0.950457
0.999998
0.803402
0.995434
0.997162
0.995437
0.170496
0.279398
0.712931
0.957364
1.95812e-010
4.58469e-010
4.7039e-012
1.94996e-014
4.23961e-012
1.96813e-012
1.86236e-011
1.82582e-010
0.000232273
1.1883e-008
2.38388e-010
6.26678e-011
0.305383
1.63532e-006
3.07175e-010
1.77145e-014
1
0.996879
0.499681
0.330173
0.510234
0.438279
0.00303432
2.02252e-005
1.80168e-011
3.43341e-005
0.853019
0.999909
0.25171
0.97105
0.996322
0.999755
0.972506
0.073805
0.0697095
0.16176
0.508011
0.263239
0.000237624
1.02511e-007
3.77681e-013
0.031621
0.974606
0.760398
0.00489599
0.343751
0.721402
0.998049
2.34812e-005
1.11804e-005
7.12355e-006
9.22459e-006
1.44231e-005
1.20215e-005
6.24578e-006
1.20196e-005
8.31071e-006
1.01027e-005
1.18482e-005
1.82307e-005
1.97389e-005
1.39664e-005
9.4628e-006
1.05048e-005
0.246255
0.500883
0.505566
0.665611
0.000738042
0.0749924
0.999144
0.999996
1
0.999339
0.971334
0.496011
0.475809
0.121714
0.00362891
0.0278228
0.000101854
5.99245e-005
3.8301e-005
4.90842e-005
6.77737e-005
6.30009e-005
5.27548e-005
5.64466e-005
6.34187e-005
4.41299e-005
4.91615e-005
6.64369e-005
8.99118e-005
4.92723e-005
3.64636e-005
4.89795e-005
0.691347
0.113929
0.00680246
0.00021414
0.519397
0.135735
0.00968881
0.000124152
9.29183e-009
0.010118
0.490166
0.640391
0.314172
0.34227
0.248564
0.414181
1.11522e-005
0.034868
0.816483
0.0401843
0.369091
0.00633368
0.00121836
0.000118589
0.999993
0.508808
0.00907912
4.39315e-009
0.76044
0.240418
0.225839
0.000329024
2.89671e-005
0.0335794
0.280379
0.162172
0.248873
0.00032215
0.237702
0.805621
1
0.916113
0.219869
1.64552e-007
1
0.997414
0.29147
3.14496e-006
