0.296416
0.517893
0.535377
0.990242
0.522919
0.799692
0.999997
1
1
0.999976
0.99697
0.999959
0.999999
0.999722
0.997621
0.999474
8.04382e-006
3.51498e-006
2.28934e-006
2.43398e-006
4.05138e-006
3.44574e-006
2.82249e-006
3.635e-006
5.00682e-006
2.92357e-006
2.81933e-006
5.63987e-006
1.06575e-005
4.22501e-006
2.81563e-006
3.08436e-006
0.397393
0.282159
0.447947
0.000336483
0.782273
0.142319
8.0998e-005
8.84829e-008
7.51128e-005
0.00231615
0.00941248
3.19765e-006
0.568191
0.250376
0.15771
0.000422022
2.54458e-005
1.17242e-005
5.4715e-006
5.37981e-006
8.06805e-006
7.0307e-006
5.21601e-006
8.8892e-006
1.05598e-005
8.57796e-006
7.56632e-006
1.47941e-005
3.36483e-005
1.41068e-005
6.35457e-006
8.68258e-006
0.766415
0.997792
1
1
0.999906
0.999996
0.999992
0.947398
0.552544
0.958199
0.994902
0.839597
2.25994e-006
0.493385
0.996192
0.999955
0.501151
0.182754
0.000206924
0.343396
0.363069
0.315189
0.00660937
0.374021
9.52172e-005
0.0045446
0.258265
0.999247
0.987287
0.649868
0.0814296
0.645963
0.00405967
0.137496
0.730482
0.98686
0.263849
0.695353
0.671655
1
0.773086
0.998305
0.99823
0.998487
0.2536
0.347042
0.737833
0.954181
1.77071e-009
4.98313e-010
5.91864e-013
9.74166e-015
1.73541e-011
3.02763e-010
9.50068e-011
7.36704e-010
0.000118753
2.19467e-008
8.08378e-010
3.8672e-010
0.316668
5.30645e-006
5.64014e-010
1.70105e-013
1
0.999991
0.750053
0.496648
0.776919
0.522038
2.95432e-005
3.25891e-007
3.13214e-008
0.00275686
0.934126
0.992691
0.249266
0.721947
0.995555
0.999785
0.896944
0.29818
0.498535
0.494755
0.990684
0.459545
6.44093e-006
5.57525e-009
3.60111e-009
0.0339698
0.820162
0.542432
0.0108064
0.336429
0.70958
0.999133
2.37213e-005
1.47128e-005
1.08344e-005
1.0425e-005
1.54921e-005
1.18946e-005
6.21915e-006
1.06893e-005
1.02491e-005
1.18518e-005
1.27638e-005
1.82118e-005
1.85109e-005
1.61045e-005
1.16075e-005
1.20638e-005
0.257497
0.498437
0.480371
0.499772
0.0277146
0.255097
0.997486
1
0.999485
0.997038
0.997838
0.618589
0.677076
0.324944
0.0129029
0.013721
0.000117045
7.22451e-005
5.17161e-005
5.66498e-005
7.1475e-005
6.13946e-005
5.25398e-005
5.05377e-005
7.22431e-005
5.49468e-005
5.41677e-005
6.7291e-005
9.47805e-005
5.55239e-005
4.2202e-005
5.38198e-005
0.708764
0.487661
0.277896
0.0312418
0.968776
0.358648
0.00494153
1.58617e-005
7.51422e-006
0.0209054
0.278295
0.620297
0.293825
0.214189
0.122816
0.564123
6.17571e-006
0.0361994
0.653169
0.00495396
0.00471097
0.00025748
0.0549314
0.00228341
0.999949
0.528394
0.0831224
6.58595e-010
0.778141
0.0631794
0.215418
6.14593e-005
0.000122064
0.215737
0.0493279
0.00361538
0.000556487
0.00011426
0.626659
0.950807
0.999999
0.771608
0.254046
1.06282e-006
1
0.999034
0.417085
1.80356e-006
