0.524319
0.47434
0.998984
1
0.478019
0.270726
0.952546
1
1
0.99998
1
0.999906
0.754288
0.499431
0.606342
0.996654
0.000144794
9.25871e-005
1.95665e-005
7.42033e-006
3.90355e-005
4.08076e-005
1.74816e-005
1.1286e-005
4.06095e-005
3.80162e-005
1.85573e-005
1.04495e-005
6.79198e-005
4.9145e-005
1.95378e-005
1.16077e-005
0.492431
1
0.530553
4.5353e-005
0.256232
0.999958
0.501144
1.86172e-006
2.71093e-008
0.662929
0.231874
8.66806e-005
0.656571
0.999483
0.753059
0.000454446
0.000768927
0.000529729
7.27601e-005
3.15653e-005
0.000185673
0.000202192
6.96455e-005
4.77257e-005
0.000194373
0.000172463
6.18479e-005
4.8081e-005
0.000372379
0.000201992
6.16519e-005
4.29728e-005
2.24543e-008
2.68659e-014
1.41216e-009
1.0317e-008
4.85128e-007
8.25521e-011
1.83395e-008
4.32237e-011
2.95185e-010
1.16306e-011
6.06296e-008
5.76182e-007
2.3942e-012
1.04116e-011
2.98172e-005
0.128614
1
1
1
1
1
1
1
1
1
1
1
1
1
1
1
1
1.46627e-005
1.39152e-005
0.506289
0.999315
0.000829528
2.24825e-005
0.430044
0.486613
0.0553087
0.085708
0.892323
0.144823
0.00396961
0.00824955
0.312916
0.678021
1
1
0.994262
0.995831
0.999945
0.997919
0.997865
0.999953
0.999998
0.999907
0.995579
0.994436
1
0.932986
0.267352
0.0351032
0.599667
0.600002
0.320068
2.70603e-005
0.993874
0.997821
0.577225
0.0298687
0.00204668
0.14888
0.0276455
0.669938
0.43298
0.646137
0.99441
0.999978
0.999874
0.275411
8.70988e-006
0.000100116
0.999996
0.999809
0.395215
0.0185905
0.00210143
0.0103926
0.322827
0.899129
0.628011
0.502717
0.788935
0.999947
0.000145311
0.000111769
3.09358e-005
1.20012e-005
5.13545e-005
7.03739e-005
2.73908e-005
1.68709e-005
5.24595e-005
5.52785e-005
3.21509e-005
1.90136e-005
7.82517e-005
7.57649e-005
3.78536e-005
2.03434e-005
0.00399798
4.40769e-006
0.308482
0.998053
0.00823406
2.26946e-008
0.0960791
0.905668
0.955509
0.0473393
0.394458
0.443462
0.254676
0.00124199
6.02912e-005
0.0430089
0.000608131
0.00041127
0.000142666
7.64044e-005
0.000217422
0.000221701
0.000153652
9.4056e-005
0.000289166
0.000267675
0.000150392
0.000127614
0.000407865
0.000279374
0.000160926
0.000126638
1
0.978436
0.795975
0.999435
1
1
1
0.999999
0.818625
0.621147
0.999926
1
0.999978
0.996473
1
1
0.0168357
0.562479
0.256618
3.77482e-005
2.8565e-006
0.00128693
4.69542e-005
5.62565e-008
0.2148
0.905838
0.0973461
4.47584e-011
0.149929
0.344248
0.000376464
1.07528e-012
0.241941
0.708712
0.845896
0.517639
0.1947
0.465313
0.1959
0.145865
0.998719
0.999963
0.489502
0.00010075
0.741697
0.498808
0.234211
5.88388e-010
