0.5856
0.364826
0.971535
1
0.490119
0.0966139
0.811038
1
1
0.999973
1
0.999993
0.745402
0.500108
0.798732
0.999416
0.000143367
0.000113478
2.54049e-005
8.3635e-006
3.20425e-005
4.21743e-005
2.01369e-005
1.83936e-005
3.9698e-005
3.63564e-005
1.81086e-005
1.59411e-005
9.69014e-005
5.68653e-005
1.87897e-005
1.20528e-005
0.478483
0.999999
0.866487
0.0368341
0.251409
0.999989
0.569245
2.3031e-005
1.60345e-007
0.754746
0.155206
1.55829e-006
0.711622
0.999555
0.397632
1.80106e-005
0.000721788
0.000723095
9.79375e-005
3.51564e-005
0.000155538
0.000224632
7.78535e-005
6.74851e-005
0.000215709
0.000168446
5.88116e-005
7.43892e-005
0.000594687
0.000266186
6.66644e-005
4.85828e-005
3.46274e-008
5.40087e-014
4.16939e-010
8.37343e-010
2.15717e-007
1.7883e-010
4.20504e-008
2.64997e-010
3.10678e-011
1.84128e-011
5.8212e-008
3.07807e-008
2.59232e-013
2.11087e-012
2.43404e-006
0.00380573
1
1
1
1
1
1
1
1
1
1
1
1
1
1
1
1
0.00022622
1.98433e-005
0.47463
0.966847
0.00113372
2.90656e-006
0.392297
0.733782
0.0101454
0.040285
0.96067
0.498262
0.00168338
0.00870006
0.682361
0.687392
1
1
0.998776
0.997142
0.999996
0.997442
0.993093
0.999865
1
0.999913
0.997846
0.999256
1
0.996627
0.472751
0.518774
0.557574
0.590723
0.464523
0.000222242
0.96568
0.999532
0.664051
0.0114444
0.000528926
0.155502
0.0112895
0.232883
0.48306
0.514474
0.555733
0.940886
0.999976
0.617074
0.000241528
1.18132e-005
0.999995
0.999963
0.653921
0.0150949
0.000644324
0.00373131
0.217167
0.891047
0.542437
0.498899
0.628787
0.999953
0.000135435
0.000138077
3.82054e-005
1.20148e-005
4.06549e-005
7.19922e-005
3.1486e-005
2.57538e-005
4.94995e-005
5.26397e-005
2.97077e-005
2.63214e-005
0.000111844
8.64872e-005
3.71454e-005
2.15879e-005
0.0228413
5.62576e-007
0.155975
0.80022
0.0181336
8.25395e-009
0.0663598
0.950174
0.963686
0.0358843
0.515589
0.773265
0.25451
0.0104469
0.0315471
0.243462
0.00057577
0.000496434
0.00016032
7.92152e-005
0.000191062
0.000234134
0.000165347
0.000128448
0.000294969
0.000249685
0.000134275
0.000156945
0.000532217
0.00033642
0.000168442
0.000133161
1
0.999583
0.994963
0.998388
1
1
1
0.999998
0.708926
0.503331
0.997183
1
0.999407
0.936801
0.999997
1
0.000800948
0.56307
0.316212
0.00153521
1.6185e-005
0.00135833
4.99455e-005
9.39509e-009
0.434423
0.985267
0.177315
2.84511e-011
0.259177
0.507373
0.000306149
5.9767e-015
0.189102
0.661551
0.859205
0.811585
0.238029
0.458342
0.165155
0.20932
0.999935
0.999987
0.499388
0.000193216
0.705201
0.502669
0.21638
1.38521e-009
