0.561118
0.413881
0.995273
1
0.501275
0.28845
0.913155
1
1
0.999991
1
0.999709
0.751377
0.499104
0.717886
0.995742
0.000141785
9.91564e-005
2.53959e-005
8.90293e-006
4.0268e-005
4.50264e-005
2.06368e-005
1.91243e-005
4.95406e-005
4.48853e-005
2.14952e-005
1.81828e-005
9.55139e-005
6.4645e-005
2.44596e-005
1.49628e-005
0.393176
0.999997
0.634741
0.000811976
0.250572
0.999962
0.501641
6.18195e-007
1.70052e-008
0.652266
0.198031
9.39549e-006
0.670584
0.999835
0.617192
0.000102258
0.000714166
0.00059767
9.2849e-005
3.65781e-005
0.000183755
0.000227695
8.0942e-005
7.65872e-005
0.000240776
0.000203848
7.00907e-005
8.39087e-005
0.000547081
0.000281116
7.75499e-005
6.06376e-005
2.51418e-008
7.74054e-014
7.99377e-010
9.10382e-010
4.97214e-007
1.00025e-010
2.51297e-008
4.51538e-011
9.5616e-011
6.73211e-012
8.24317e-008
6.10612e-008
9.08126e-013
6.64664e-012
1.27096e-005
0.0077523
1
1
1
1
1
1
1
1
1
1
1
1
1
1
1
1
8.03311e-005
1.11138e-005
0.497116
0.823547
0.000969248
1.72138e-005
0.450928
0.577936
0.0387025
0.0695405
0.878725
0.451584
0.00244111
0.00863586
0.469954
0.507381
1
1
0.997521
0.998306
0.999968
0.998832
0.997785
0.99998
1
0.999977
0.999008
0.999708
1
0.969829
0.401552
0.386741
0.586512
0.587563
0.459419
0.000144364
0.983004
0.996628
0.516076
0.00200867
0.00028394
0.0815024
0.00943355
0.423656
0.463687
0.61417
0.960303
0.998193
0.999946
0.578333
4.26455e-005
3.33745e-006
0.999991
0.999781
0.436282
0.0189079
0.000668887
0.00325096
0.231583
0.962712
0.726674
0.501563
0.729491
0.999986
0.00014117
0.00011565
3.81986e-005
1.24826e-005
5.16725e-005
7.70577e-005
3.22661e-005
2.62621e-005
6.03105e-005
6.32549e-005
3.53799e-005
2.98741e-005
0.000108345
9.34524e-005
4.51349e-005
2.60319e-005
0.018963
1.3942e-006
0.229215
0.956025
0.0186618
3.00146e-008
0.184613
0.980698
0.99084
0.0526917
0.490717
0.619527
0.253674
0.00110847
0.000844033
0.0397333
0.00060338
0.000446273
0.000163669
8.28964e-005
0.000224287
0.000240044
0.000168182
0.000129372
0.000328373
0.00030309
0.000161565
0.000175344
0.00052257
0.000344006
0.000193296
0.000157901
1
0.999419
0.996326
0.997437
1
1
1
0.99998
0.806406
0.576718
0.999848
1
0.99999
0.997522
1
1
0.000200767
0.55742
0.263988
0.00104871
5.674e-006
0.00432555
0.000116545
6.18374e-008
0.272728
0.965568
0.13279
6.2483e-012
0.181757
0.418649
0.000622266
2.72537e-014
0.198801
0.65316
0.832217
0.971377
0.240484
0.486154
0.229045
0.45017
0.999794
0.999965
0.493456
8.3452e-005
0.750288
0.497919
0.22262
2.20059e-010
