0.641414
0.48925
0.999847
1
0.508597
0.435071
0.981983
1
1
0.999984
0.999999
0.999993
0.752234
0.499495
0.754551
0.999767
0.00011197
5.89801e-005
1.85255e-005
6.09528e-006
3.48284e-005
3.14423e-005
1.49253e-005
7.09362e-006
3.48473e-005
2.87972e-005
1.43206e-005
6.30418e-006
5.70721e-005
3.52319e-005
1.78519e-005
1.01769e-005
0.488019
0.999999
0.51172
0.00248123
0.325211
0.999751
0.451479
0.000623474
4.98896e-006
0.620156
0.060586
0.000653711
0.746018
0.991382
0.451994
0.000226194
0.000578193
0.000350087
6.15789e-005
2.44953e-005
0.000167638
0.00016175
5.75848e-005
2.78174e-005
0.000173789
0.000131222
4.75801e-005
2.88296e-005
0.000312726
0.00015202
5.30004e-005
3.59615e-005
6.73139e-009
1.87096e-013
2.01226e-009
1.91784e-009
7.53762e-008
1.82961e-010
1.57952e-008
4.25629e-011
3.47193e-011
3.59983e-011
4.09016e-008
6.81081e-008
5.78721e-013
9.94165e-011
1.68567e-005
0.0308411
1
1
1
1
1
1
1
1
1
1
1
1
1
1
1
1
4.03552e-005
7.76099e-005
0.517185
0.899942
0.00077899
0.000344165
0.385234
0.436951
0.00264236
0.197562
0.888775
0.433325
0.000220794
0.0378449
0.463423
0.717988
1
1
0.993561
0.99459
0.999982
0.998843
0.997736
0.999746
1
0.999895
0.993883
0.987608
1
0.844609
0.274051
0.0436468
0.593304
0.708033
0.417862
0.000451612
0.987978
0.98599
0.475567
0.0472647
0.00548567
0.2215
0.0810486
0.663136
0.461451
0.821084
0.996233
0.999887
0.999216
0.258866
1.32998e-005
0.000230594
0.999984
0.998326
0.254805
0.00334281
0.00731488
0.0404011
0.453619
0.511921
0.579215
0.519456
0.875067
0.990311
0.000112115
7.76541e-005
2.76676e-005
9.7138e-006
4.62404e-005
5.76556e-005
2.28552e-005
1.04743e-005
4.3639e-005
4.44253e-005
2.41414e-005
1.17988e-005
6.86378e-005
6.34032e-005
3.39072e-005
1.73347e-005
0.00312832
1.32742e-005
0.276517
0.889499
0.00332366
3.30003e-007
0.296643
0.468619
0.804707
0.00933366
0.36761
0.353599
0.198512
0.0015798
0.000218348
0.174295
0.00049408
0.000308106
0.000118923
6.28424e-005
0.000200419
0.000196766
0.00013496
6.89029e-005
0.000247759
0.000216004
0.00012864
8.46688e-005
0.000352185
0.000229371
0.000150696
0.000111371
1
0.999569
0.99624
0.999792
1
1
1
0.999997
0.864477
0.761395
0.999991
1
0.999961
0.999137
1
1
0.0567573
0.551929
0.252656
0.000362147
5.07792e-005
0.00191458
1.92176e-005
7.66456e-007
0.286399
0.63081
0.00679183
2.23099e-009
0.279127
0.249399
5.51542e-005
6.6615e-013
0.255885
0.797339
0.871845
0.58336
0.249552
0.391216
0.146717
0.322989
0.999702
0.998197
0.317595
0.00178798
0.875565
0.478439
0.080729
9.25141e-009
