0.404003
0.289736
0.997267
1
0.500553
0.32509
0.940293
1
1
0.999992
1
0.999342
0.729733
0.49499
0.689168
0.998441
0.000160993
0.000105766
2.51844e-005
9.36794e-006
4.13277e-005
4.26696e-005
1.99749e-005
1.72746e-005
4.94024e-005
4.59146e-005
2.23846e-005
1.47789e-005
8.85791e-005
5.86603e-005
2.42593e-005
1.3865e-005
0.498849
1
0.521352
0.000103094
0.252246
0.999947
0.497164
1.8708e-007
6.72518e-007
0.774432
0.169882
0.000110271
0.747883
0.999775
0.682578
0.000150474
0.000829551
0.000603312
8.93344e-005
3.98069e-005
0.000193287
0.000214942
7.8112e-005
7.26681e-005
0.000257927
0.000193769
7.30771e-005
7.02577e-005
0.0005145
0.000238266
7.64242e-005
5.19375e-005
7.53121e-008
7.41048e-014
3.09816e-009
9.16064e-010
2.88536e-007
2.14344e-010
3.32165e-008
2.85079e-011
8.85844e-011
6.45804e-012
1.26766e-007
4.32384e-007
9.12371e-013
1.9618e-011
6.19005e-005
0.0387343
1
1
1
1
1
1
1
1
1
1
1
1
1
1
1
1
4.71765e-005
1.05909e-005
0.502622
0.926821
0.000469146
6.79659e-005
0.463746
0.418886
0.0156433
0.127854
0.950873
0.206962
0.000452188
0.00310013
0.468218
0.707562
1
1
0.993404
0.998249
0.999977
0.997545
0.997049
0.999984
1
0.999979
0.995789
0.998321
1
0.854041
0.279412
0.174604
0.684949
0.709933
0.424214
0.00011971
0.967335
0.993753
0.530637
0.0163911
0.000313892
0.0642465
0.0135309
0.588838
0.496621
0.803945
0.991719
0.999858
0.999983
0.453827
6.58973e-005
1.01458e-005
0.99998
0.999763
0.442378
0.0704045
0.00022989
0.0023685
0.290668
0.983285
0.808858
0.50503
0.82495
0.999884
0.00015728
0.000124388
3.86377e-005
1.36292e-005
5.44207e-005
7.65479e-005
3.14249e-005
2.42208e-005
6.30087e-005
6.38188e-005
3.79014e-005
2.59219e-005
0.000107538
9.31498e-005
4.77875e-005
2.33771e-005
0.00295925
1.8148e-006
0.277528
0.99032
0.0192058
4.46205e-008
0.239841
0.97175
0.97829
0.0762218
0.491678
0.492147
0.234346
0.00100236
0.000215903
0.17636
0.000655314
0.000445109
0.000167888
8.79148e-005
0.000220431
0.000231594
0.000170168
0.000123813
0.000345378
0.000294632
0.00016748
0.000164239
0.000504957
0.000315014
0.000193581
0.000144579
1
0.999267
0.995663
0.998297
1
1
1
0.999998
0.75924
0.601802
0.999924
1
0.99999
0.999472
1
1
0.00271057
0.512752
0.250203
0.000124583
7.09215e-005
0.0137951
0.000106839
5.84464e-008
0.412662
0.974031
0.117313
3.33015e-012
0.228919
0.297036
5.8861e-005
4.76498e-014
0.187466
0.580222
0.738583
0.946544
0.254818
0.478769
0.192632
0.309253
0.999924
0.999972
0.489101
2.33771e-005
0.706234
0.494913
0.179636
1.45782e-010
