0.418935
0.665543
0.999811
1
0.0482589
0.000801531
0.958564
1
1
0.999981
0.905032
0.629574
1
0.977377
0.882502
0.959476
1.35438e-005
6.39277e-006
6.51745e-006
4.95035e-006
4.56e-006
3.61459e-006
5.25803e-006
3.44849e-006
3.17163e-006
1.98642e-006
2.43503e-006
2.79852e-006
7.62264e-006
3.58042e-006
2.71833e-006
3.41792e-006
0.373
0.386036
0.123221
3.07252e-007
0.939677
0.744659
0.0720194
2.47579e-007
4.18902e-007
0.0664634
0.1518
0.00062488
0.259384
0.231601
0.698322
0.000474248
4.24152e-005
2.17735e-005
1.61193e-005
1.25711e-005
9.54223e-006
7.83909e-006
1.13016e-005
9.45235e-006
7.4826e-006
7.38337e-006
7.26781e-006
7.6288e-006
2.07439e-005
8.9615e-006
6.0019e-006
6.77776e-006
0.143515
0.52443
0.999918
0.990211
0.999961
0.995925
0.999189
0.968398
0.873753
0.890276
0.999209
0.993492
6.7791e-005
0.383263
0.999999
1
0.99901
0.542892
0.280826
0.985577
0.966559
0.962069
0.643766
0.997656
0.000101569
0.000202916
0.249018
0.935713
0.981945
0.365792
6.6328e-005
0.247297
0.000542772
0.00425383
0.998844
0.999704
0.120882
0.00828374
0.99199
0.999987
0.99555
0.99547
0.999998
0.999988
0.399311
0.00513014
0.490007
0.999942
0.000298801
7.68528e-007
1.78162e-012
2.00311e-012
9.20119e-011
1.45375e-009
2.30861e-011
5.74716e-010
1.42677e-005
2.85438e-008
6.43552e-013
1.48707e-011
0.146596
0.000428437
1.25879e-010
1.66876e-014
1
0.998887
0.567614
0.0126863
0.998244
0.9999
0.773562
0.211703
2.70295e-008
0.00534037
0.99894
1
0.373038
0.996652
0.576172
0.499991
0.719704
0.298215
0.00975065
0.0137747
0.999964
0.996457
0.449595
0.00570652
1.63626e-010
0.0109147
0.998308
0.999915
0.131235
0.119149
0.470478
0.499905
2.88376e-005
1.68953e-005
2.30997e-005
1.52279e-005
1.51377e-005
1.3301e-005
1.29814e-005
8.36765e-006
6.99044e-006
8.35602e-006
1.47447e-005
9.65289e-006
1.6744e-005
1.17465e-005
1.05884e-005
1.47741e-005
0.00672093
0.253329
0.499019
0.819062
1.13658e-007
6.27659e-007
0.419875
0.999125
0.999997
0.738435
0.225957
0.145005
0.749976
0.37746
0.015847
0.328504
0.00012489
7.19432e-005
9.4759e-005
8.01213e-005
7.76633e-005
5.93392e-005
8.29724e-005
5.75385e-005
5.95923e-005
3.83507e-005
5.97321e-005
5.83449e-005
0.000100323
4.26333e-005
4.43753e-005
7.35669e-005
0.999206
0.561189
0.024554
0.359019
0.999896
0.998863
0.179529
0.235317
8.44698e-007
0.00212589
0.160135
0.977577
0.474411
0.377741
0.0029299
0.00518513
2.52617e-007
0.043367
0.0428389
5.29253e-008
6.63357e-005
0.000273218
6.83623e-006
3.22363e-010
0.842966
0.954078
0.259681
7.37199e-009
0.395043
0.41465
0.64129
0.00527336
0.00699152
0.500741
0.00702047
0.0012312
2.22005e-006
6.28847e-005
2.4892e-006
0.000155165
0.999883
0.99981
0.2506
8.69731e-011
0.999853
0.99965
0.718579
0.00664434
