0.223106
0.624923
1
1
0.301353
0.580575
0.999981
1
1
1
0.999999
0.815724
0.999889
0.626365
0.711299
0.539232
3.35513e-005
1.96521e-005
1.27146e-005
5.97538e-006
1.68074e-005
1.64982e-005
1.27866e-005
5.48936e-006
1.256e-005
9.24623e-006
7.90767e-006
5.01548e-006
2.02746e-005
1.06954e-005
6.85844e-006
4.79029e-006
0.999422
0.992188
0.151475
1.23554e-009
0.757438
0.527632
7.4688e-005
3.9046e-006
6.87465e-008
0.00089945
0.108541
0.00188815
0.580308
0.624304
0.992025
0.0888716
0.000141505
7.36107e-005
3.88398e-005
1.88199e-005
4.74866e-005
4.76041e-005
3.93665e-005
1.73468e-005
4.61224e-005
4.11182e-005
2.54839e-005
1.64254e-005
8.28338e-005
3.73592e-005
1.75975e-005
9.8746e-006
1.40673e-007
5.00481e-007
0.000159598
5.56366e-005
0.000431455
6.85424e-005
0.00202016
5.31002e-007
1.65653e-005
1.0548e-005
0.00024937
0.00158825
2.34077e-010
8.98867e-008
0.349537
0.940084
1
1
1
1
1
1
1
1
0.999782
0.999982
0.999997
1
1
1
0.999634
0.998572
0.000432922
0.00239743
0.998469
1
0.000457788
0.0521029
0.99871
0.987761
0.0133411
0.976548
0.999775
0.815439
0.0029562
0.00482303
0.187029
0.521706
0.984906
0.477541
5.78964e-005
0.0155053
0.00221995
0.000394167
0.00720671
0.431665
0.500079
0.169212
0.000194621
0.00416008
0.999974
0.704551
1.28046e-005
2.52388e-011
0.999894
0.999684
0.0546674
3.79655e-007
0.999921
0.997195
0.474378
0.249894
9.956e-006
0.000294209
0.739297
0.999958
0.25489
0.847553
0.999999
0.999985
0.887298
0.234264
3.46382e-007
6.76391e-005
0.999532
0.964502
0.485771
0.0518993
1.19765e-007
0.0418079
0.979759
0.997914
0.427091
0.55589
0.836052
0.999875
4.24869e-005
3.18733e-005
2.76052e-005
1.36443e-005
3.21628e-005
3.64632e-005
2.38661e-005
9.2287e-006
2.26193e-005
2.42768e-005
2.35655e-005
1.12516e-005
2.5966e-005
2.29781e-005
1.91366e-005
1.44521e-005
2.8114e-005
0.00719594
0.723456
0.999996
9.80107e-009
1.62686e-006
0.351735
0.856056
0.954111
0.706838
0.0491188
0.157351
0.496369
0.0956612
6.84171e-006
3.34369e-005
0.000212638
0.00014657
0.000108591
7.53726e-005
0.000113666
0.000127376
0.000136189
6.78808e-005
0.00011615
9.79592e-005
9.75364e-005
7.80624e-005
0.000170887
8.94609e-005
7.20665e-005
6.77356e-005
1
0.981765
0.103426
0.729436
1
0.999997
0.999947
0.999932
0.179073
0.160509
0.990545
1
0.970266
0.990351
0.993752
0.990023
0.000165301
0.113119
0.00963991
9.2968e-009
1.28386e-005
1.17562e-005
8.62417e-009
1.27801e-009
0.1783
0.10641
0.13649
6.48006e-012
0.359889
0.284782
0.261058
0.000784086
0.0380357
0.500607
0.524218
0.0597201
0.0334591
0.00283157
1.46839e-005
0.00142456
1
0.999966
0.383736
2.27869e-008
0.999953
0.849979
0.510853
0.000698301
