0.392231
0.531876
0.999994
1
0.127948
0.403095
0.999579
1
1
1
1
0.999485
0.999955
0.722215
0.528161
0.554925
3.81278e-005
2.16101e-005
1.27469e-005
5.23674e-006
1.66942e-005
1.71208e-005
1.33696e-005
6.17626e-006
1.25455e-005
9.99506e-006
8.33574e-006
7.18124e-006
1.58554e-005
1.20532e-005
6.87765e-006
4.42911e-006
0.977552
0.999976
0.271065
8.12439e-010
0.513911
0.958638
0.0158835
8.48005e-007
1.08429e-009
0.000612092
0.0474662
0.000121307
0.248456
0.520394
0.992493
0.24302
0.000166768
8.74899e-005
3.85693e-005
1.57738e-005
4.93888e-005
5.18369e-005
3.73119e-005
1.99969e-005
4.08761e-005
4.74864e-005
2.54435e-005
2.21069e-005
7.3417e-005
5.80308e-005
2.09828e-005
1.3091e-005
8.14945e-009
3.46496e-008
0.000123281
9.95127e-005
0.0178033
2.66278e-005
0.000461881
2.27445e-006
3.02931e-005
2.03828e-006
0.000375364
0.000263474
4.13067e-010
8.79163e-009
0.0688683
0.528748
1
1
1
1
1
1
1
1
0.999993
0.999958
0.999994
1
1
1
0.999647
0.998221
2.82834e-005
0.000149983
0.967313
0.999999
3.44365e-005
0.0454036
0.978399
0.997242
0.297979
0.516633
0.972268
0.939572
0.373556
0.0187533
0.24673
0.594482
0.998875
0.705934
0.000685183
0.00694877
0.00367802
0.000703577
0.000807242
0.304718
0.496774
0.396887
0.0496459
0.00465577
0.999997
0.906215
0.226366
1.02543e-008
0.999351
0.999838
0.478165
1.95076e-006
0.999961
0.999358
0.480338
0.0673639
1.7031e-005
0.000152426
0.424646
0.923085
0.251956
0.500078
0.889068
0.999998
0.945561
0.249918
8.01576e-007
9.45839e-006
0.999976
0.966373
0.485634
0.118056
4.07155e-007
0.000331414
0.706477
0.997744
0.499841
0.498207
0.635625
1
5.08468e-005
3.35319e-005
2.55346e-005
1.12377e-005
3.12482e-005
4.08233e-005
2.58321e-005
1.08517e-005
2.12239e-005
2.53776e-005
2.27711e-005
1.4995e-005
2.47613e-005
2.50962e-005
1.80847e-005
1.40158e-005
0.00044741
0.000168374
0.400558
0.999994
1.05197e-007
8.02762e-008
0.179225
0.988061
0.998709
0.69775
0.114422
0.376334
0.668645
0.300289
0.00045399
3.49428e-007
0.000243446
0.000175492
0.000108304
7.07903e-005
0.000118043
0.00012654
0.000131398
7.15853e-005
0.000118175
0.000104696
9.46701e-005
8.91773e-005
0.000151184
0.000111857
6.37779e-005
5.17265e-005
1
0.994224
0.186114
0.870296
1
0.999983
0.999883
0.99986
0.304807
0.0250319
0.760088
1
0.891683
0.680692
0.863659
1
5.35781e-005
0.168009
0.0195083
6.67374e-009
2.69501e-007
2.03712e-005
3.44922e-008
2.1932e-010
0.0141352
0.448175
0.216296
3.18679e-010
0.000347139
0.147061
0.262731
2.9214e-007
0.0119182
0.499994
0.466001
0.0584282
0.000492923
0.0136124
0.00107679
0.000880975
0.999985
0.999986
0.694949
6.88383e-007
0.732861
0.501789
0.731055
1.30769e-005
