0.555657
0.8728
1
1
0.0990258
0.393491
0.999552
1
1
1
1
0.914576
0.999999
0.847871
0.729011
0.555381
3.14238e-005
1.919e-005
1.32187e-005
6.82238e-006
2.17527e-005
2.12021e-005
1.55521e-005
6.17593e-006
1.59211e-005
1.08991e-005
8.53973e-006
5.94521e-006
2.30834e-005
1.43503e-005
8.15291e-006
6.05135e-006
0.916335
0.992224
0.244942
8.13591e-010
0.745112
0.764608
0.00826188
3.2774e-006
3.72759e-008
0.00158157
0.0464016
0.00236581
0.260356
0.604337
0.980594
0.336104
0.000130786
8.24529e-005
4.19978e-005
2.09163e-005
6.10835e-005
6.17033e-005
4.71934e-005
1.96147e-005
5.00754e-005
5.41808e-005
2.7194e-005
2.05077e-005
8.39326e-005
5.0001e-005
1.94832e-005
1.28845e-005
2.2387e-008
8.04799e-008
1.09128e-005
1.92674e-005
0.00257107
4.91627e-006
9.99258e-005
3.98385e-007
1.0362e-005
4.53342e-006
9.17472e-005
0.000164679
7.80388e-010
1.31853e-008
0.242749
0.730715
1
1
1
1
1
1
1
1
0.999991
0.999963
0.999999
1
1
1
0.999957
0.999954
0.00061351
0.00539906
0.994469
1
0.000420773
0.00495179
0.939658
0.975072
0.200714
0.592274
0.996995
0.781913
0.208035
0.00821577
0.233601
0.438844
0.999174
0.811025
0.00190639
0.0212572
0.0309079
0.0114359
0.0253163
0.563797
0.49074
0.236671
0.00245682
0.0358042
0.999969
0.934868
0.00777286
1.66746e-009
0.994787
0.869653
0.0463408
1.32651e-007
0.999992
0.99981
0.586081
0.125952
0.000704496
0.00256026
0.576313
0.995547
0.248957
0.589266
0.99996
0.999999
0.618111
0.190884
5.73978e-008
0.00119736
0.999997
0.996865
0.487558
0.0392547
1.85705e-005
0.0760079
0.946631
0.98619
0.28877
0.467653
0.719403
0.999987
3.92776e-005
3.1303e-005
2.74812e-005
1.49822e-005
3.80985e-005
4.68328e-005
2.60014e-005
1.03704e-005
2.83634e-005
2.90195e-005
2.39345e-005
1.2675e-005
2.94147e-005
2.75204e-005
1.91818e-005
1.67399e-005
0.00123218
0.122443
0.739454
0.999994
1.365e-008
3.34294e-006
0.266536
0.916072
0.855392
0.587462
0.0123763
0.228608
0.662508
0.175501
0.00014361
6.90793e-006
0.000199054
0.000148683
0.000107019
7.73113e-005
0.000152115
0.00014671
0.000150634
7.18478e-005
0.000131803
0.00011169
9.97718e-005
8.73214e-005
0.000192475
0.000114898
7.47019e-005
7.39766e-005
1
0.823704
0.0540062
0.843391
1
1
0.99991
0.99997
0.480554
0.377972
0.987108
1
0.860539
0.790879
0.995697
0.999279
0.00295553
0.318048
0.232172
9.3563e-009
1.10036e-007
1.49593e-006
9.34128e-009
2.28257e-009
0.00604588
0.149478
0.02386
2.88996e-011
0.146679
0.285451
0.400497
0.000807438
0.360558
0.504898
0.740626
0.100456
4.1862e-005
0.000355211
4.26934e-005
0.00283937
0.999929
0.99963
0.451008
5.72485e-007
0.999961
0.870361
0.513642
0.000303245
