0.55044
0.881448
1
1
0.149387
0.454875
0.999527
1
1
1
1
0.882496
1
0.703881
0.48041
0.0163669
2.63704e-005
1.65477e-005
1.20619e-005
6.00224e-006
1.79718e-005
1.80151e-005
1.49304e-005
5.77229e-006
1.45872e-005
9.72567e-006
8.00529e-006
5.51301e-006
2.28321e-005
1.20897e-005
5.46186e-006
3.72374e-006
0.903034
0.985167
0.23672
1.0446e-009
0.684849
0.624941
0.00479809
3.2317e-006
1.44859e-007
0.000519137
0.0771836
0.012654
0.252493
0.635148
0.99422
0.537918
0.00010702
7.06056e-005
3.81936e-005
1.88469e-005
5.21693e-005
5.25935e-005
4.42231e-005
1.83752e-005
4.45593e-005
4.97906e-005
2.54668e-005
1.89851e-005
7.98321e-005
4.78433e-005
1.58574e-005
9.5085e-006
4.34424e-008
1.14445e-007
2.96288e-005
8.00926e-005
0.00646368
1.48226e-005
0.000170728
3.87911e-007
1.92058e-005
5.05118e-006
0.000131116
0.000456816
1.22687e-009
1.97028e-008
0.257339
0.75179
1
1
0.999999
1
1
1
1
1
0.999993
0.999941
0.999999
1
1
1
0.996328
0.956414
0.000797287
0.00586125
0.998667
1
0.000423444
0.0183648
0.96534
0.979584
0.267107
0.585605
0.995754
0.782409
0.26591
0.00550746
0.190507
0.328897
0.997957
0.745062
0.00078976
0.0121239
0.0201815
0.00282362
0.0170744
0.453565
0.484529
0.271499
0.00308065
0.00890326
0.999913
0.936705
0.0101609
3.97806e-010
0.998641
0.910599
0.107083
1.66217e-007
0.999991
0.999402
0.557119
0.154688
0.000741096
0.000912286
0.516436
0.996894
0.248593
0.677301
0.999991
1
0.611276
0.218635
1.46923e-007
0.000444408
0.999983
0.99523
0.500776
0.0305974
3.64781e-006
0.0161392
0.901202
0.996125
0.294374
0.529361
0.938279
1
3.33269e-005
2.76484e-005
2.52922e-005
1.40997e-005
3.28262e-005
4.18495e-005
2.52425e-005
9.86572e-006
2.54496e-005
2.67108e-005
2.29568e-005
1.20457e-005
2.86334e-005
2.53294e-005
1.50349e-005
1.25986e-005
0.00073319
0.0969937
0.753909
0.999998
1.53963e-008
1.67261e-006
0.241286
0.895524
0.879798
0.653518
0.0267012
0.194124
0.608947
0.146192
5.29353e-005
1.83952e-008
0.000178215
0.000131162
0.000103103
7.61854e-005
0.0001332
0.000129842
0.00014489
6.8458e-005
0.000123335
0.00010521
9.33081e-005
8.33707e-005
0.000184894
0.000108592
5.68008e-005
5.50244e-005
1
0.806326
0.0647499
0.71672
1
0.999999
0.999925
0.999954
0.458109
0.205069
0.964812
1
0.862396
0.854318
0.998538
0.99998
0.00144135
0.258111
0.190192
5.12549e-009
1.81397e-007
2.66142e-006
1.43747e-008
1.35081e-009
0.00191422
0.0978008
0.0396996
1.87689e-010
0.170996
0.333237
0.303598
5.556e-005
0.338173
0.501035
0.585542
0.113044
6.20622e-005
0.00135508
0.000108196
0.00188799
0.999928
0.999946
0.497847
1.91319e-006
0.99996
0.921835
0.49477
1.22307e-006
