0.886324
0.893375
0.999988
1
0.733676
0.485151
0.994586
1
1
1
1
0.999716
0.991642
0.548224
0.991006
0.997208
4.86794e-005
2.91171e-005
1.40368e-005
7.90133e-006
3.01132e-005
2.22968e-005
1.44356e-005
6.6298e-006
3.03039e-005
2.04029e-005
1.2051e-005
7.15663e-006
3.64138e-005
2.88741e-005
1.71993e-005
1.00325e-005
0.479858
0.999737
0.435159
2.11764e-007
0.255683
0.989376
0.212597
0.000263671
1.89746e-008
0.547551
0.00408605
0.00161787
0.302841
0.99381
0.713073
0.000968664
0.000218053
0.000129808
4.98524e-005
2.76864e-005
9.97546e-005
8.96847e-005
4.83849e-005
2.29031e-005
0.00012151
9.55924e-005
3.72329e-005
2.56156e-005
0.000161179
0.000105264
4.22866e-005
2.53111e-005
8.35874e-007
1.54317e-011
2.9248e-007
9.11238e-008
0.000102067
3.59565e-008
3.45579e-006
6.06867e-009
2.45802e-007
3.4689e-009
6.72005e-006
3.22994e-006
6.78364e-009
3.32507e-010
5.60981e-005
0.0970371
1
1
1
1
1
1
1
1
1
1
1
1
1
1
1
1
0.000156451
0.00186968
0.831518
0.999884
0.317043
0.000311009
0.658681
0.6359
0.49899
0.41661
0.997931
0.526696
0.229082
0.0249667
0.323431
0.602094
0.99999
0.999124
0.613458
0.637033
0.550682
0.514607
0.374497
0.983672
0.890523
0.718386
0.376301
0.258708
0.999999
0.893959
0.135588
1.6608e-006
0.923332
0.764587
0.292176
4.79342e-005
0.990405
0.999777
0.66101
0.0413943
5.33663e-005
0.0224212
0.176948
0.831773
0.276162
0.545565
0.865365
0.999999
0.961129
0.178852
7.13746e-006
0.0232389
0.999549
0.998374
0.640486
0.112165
0.000170435
0.00134672
0.674111
0.947343
0.658393
0.448389
0.275455
0.999734
5.57918e-005
4.22962e-005
2.54458e-005
1.45933e-005
4.53341e-005
4.60744e-005
2.30074e-005
1.04444e-005
4.88686e-005
4.02322e-005
2.55771e-005
1.33984e-005
4.45913e-005
4.70776e-005
2.99366e-005
1.99628e-005
0.0226004
0.000495201
0.354708
0.999253
0.234755
5.58065e-008
0.194412
0.71708
0.998996
0.147497
0.108909
0.268396
0.583804
0.0238844
0.000848508
1.07027e-005
0.000310824
0.000178798
0.000112324
9.027e-005
0.000203389
0.000157805
0.000137159
7.1219e-005
0.000251055
0.000182845
0.000121202
9.65954e-005
0.000269298
0.000184668
0.000119881
8.79758e-005
1
0.997955
0.981111
0.999838
1
1
1
1
0.690633
0.361451
0.997342
1
0.999956
0.963346
0.999829
0.999999
0.00244229
0.461346
0.0747675
1.34793e-006
1.31215e-006
0.000924436
8.96282e-007
1.61801e-007
0.011702
0.774888
0.00633156
1.09158e-011
0.00390892
0.148658
0.00201988
4.30312e-008
0.215855
0.522984
0.597314
0.0690954
0.120159
0.332682
0.00275545
0.0492221
0.936183
0.999981
0.469074
6.34538e-006
0.509831
0.517291
0.711619
0.000887202
