0.947189
0.875977
0.999996
1
0.748442
0.533461
0.998933
1
1
1
1
0.999272
0.998758
0.771526
0.982926
0.827863
3.45632e-005
2.06762e-005
1.17026e-005
6.21531e-006
2.5283e-005
1.9244e-005
1.34653e-005
5.43604e-006
2.28716e-005
1.72716e-005
1.0634e-005
5.72795e-006
3.3374e-005
2.40233e-005
1.18402e-005
5.78763e-006
0.499416
0.9962
0.312582
1.66102e-007
0.275946
0.89079
0.0248958
8.80981e-005
1.37071e-006
0.451994
0.00374984
0.00193387
0.50622
0.963452
0.839699
0.00673057
0.000160932
9.31892e-005
4.24122e-005
2.03322e-005
8.17627e-005
7.6802e-005
4.22698e-005
1.84367e-005
0.000102888
7.77098e-005
3.38528e-005
2.17562e-005
0.000147556
7.74464e-005
2.95313e-005
1.52278e-005
9.04303e-007
1.71771e-010
5.88098e-007
1.4715e-007
3.34679e-005
8.29279e-008
7.53245e-006
3.24937e-009
1.4636e-007
1.47724e-008
1.49006e-005
1.51273e-005
9.38551e-010
5.23795e-010
0.00156232
0.366108
1
1
1
1
1
1
1
1
1
1
1
1
1
1
1
1
0.00102913
0.004338
0.974713
0.999993
0.27648
0.00345917
0.801379
0.717291
0.493735
0.492028
0.998962
0.52979
0.0991456
0.00431656
0.256316
0.510536
0.999943
0.985664
0.273149
0.294779
0.35898
0.372083
0.278269
0.929681
0.897503
0.570342
0.102931
0.229788
0.999999
0.769341
0.00375565
6.22355e-007
0.880171
0.729988
0.156925
5.60107e-006
0.989654
0.99967
0.583059
0.0690129
6.46517e-005
0.00785321
0.315038
0.818966
0.250598
0.752277
0.996952
1
0.792268
0.105802
2.09999e-006
0.0029384
0.997691
0.994651
0.528697
0.0606539
5.2126e-005
0.00449281
0.759441
0.878874
0.516755
0.314382
0.704721
1
4.12819e-005
3.57127e-005
2.39059e-005
1.15326e-005
3.89789e-005
4.17302e-005
2.12528e-005
8.74943e-006
4.25096e-005
3.58712e-005
2.42226e-005
1.134e-005
4.0221e-005
4.24074e-005
2.61966e-005
1.42372e-005
0.0120147
0.00347487
0.553465
0.999762
0.223499
3.47589e-007
0.22323
0.705201
0.994923
0.145866
0.0981447
0.228605
0.451031
0.0058011
0.000113484
3.01929e-007
0.000244017
0.000143907
0.000100766
7.1692e-005
0.000177918
0.000148842
0.000134851
6.2707e-005
0.000218905
0.000158995
0.000112821
8.66836e-005
0.000253372
0.000151047
9.2517e-005
6.84642e-005
1
0.827072
0.510565
0.990141
1
1
0.999999
0.999985
0.526073
0.24389
0.999306
1
0.999732
0.980285
0.999975
1
0.0254153
0.453331
0.0587983
1.98202e-007
1.98141e-005
0.000828028
3.98982e-007
1.7542e-007
0.047665
0.572834
0.00142183
1.3532e-011
0.0769529
0.183369
0.000800249
1.95707e-008
0.234101
0.518636
0.661352
0.248339
0.20768
0.283686
0.000904032
0.0647445
0.974475
0.999873
0.442136
1.29916e-005
0.89389
0.919782
0.632683
2.45981e-005
