0.867076
0.724781
0.999997
1
0.610008
0.370889
0.997558
1
1
1
1
0.999977
0.980717
0.69085
0.998743
0.991035
5.34704e-005
2.94751e-005
1.3311e-005
7.54464e-006
3.44674e-005
2.24226e-005
1.4476e-005
6.83043e-006
3.15645e-005
1.9142e-005
1.11147e-005
6.76154e-006
3.59365e-005
2.78903e-005
1.55659e-005
9.60761e-006
0.500994
0.999872
0.396008
5.20542e-008
0.461904
0.995691
0.139915
3.68861e-005
4.52228e-007
0.729424
0.000433236
0.000735954
0.31919
0.971867
0.542384
0.000146808
0.000267355
0.000129765
4.73144e-005
2.59643e-005
0.000116602
8.99399e-005
4.61634e-005
2.28187e-005
0.000131165
8.99335e-005
3.47797e-005
2.6303e-005
0.000177785
0.000101239
3.97517e-005
2.38235e-005
1.38491e-007
1.40821e-011
4.08211e-007
2.2741e-007
5.30756e-006
1.50118e-007
6.27617e-006
2.96391e-008
2.94741e-008
3.59145e-008
1.41525e-005
1.4196e-005
7.49002e-010
3.38326e-010
7.54998e-006
0.0999176
1
1
1
1
1
1
1
1
1
1
1
1
1
1
1
1
0.000269261
0.0019853
0.934359
0.999979
0.0530905
0.000112893
0.802317
0.76132
0.414585
0.436873
0.999583
0.555691
0.130666
0.0305514
0.476276
0.742467
0.999997
0.997243
0.442962
0.513373
0.584195
0.42169
0.254599
0.964507
0.931552
0.56217
0.236424
0.362803
1
0.941717
0.123871
3.13412e-005
0.77971
0.734459
0.176331
1.84525e-005
0.998078
0.999975
0.609425
0.0156494
0.000689592
0.0654253
0.0384578
0.695083
0.37518
0.500983
0.7498
0.999999
0.866712
0.0718026
5.18724e-006
0.00554288
0.999921
0.999204
0.628839
0.0938973
0.000418091
0.00392423
0.676778
0.848729
0.510071
0.159925
0.421424
0.999959
6.01073e-005
4.7249e-005
2.48482e-005
1.42418e-005
5.18554e-005
4.72615e-005
2.25178e-005
1.0786e-005
5.05616e-005
3.92796e-005
2.56003e-005
1.32439e-005
4.59763e-005
4.64252e-005
2.72845e-005
1.93308e-005
0.00539226
0.000326183
0.395985
0.999744
0.0438046
2.06339e-008
0.219697
0.858085
0.919793
0.101059
0.334252
0.626456
0.47928
0.0729043
0.00235096
4.36982e-005
0.000316941
0.000185999
0.000106231
8.67544e-005
0.000217154
0.00016629
0.000136273
7.4613e-005
0.000253897
0.000166886
0.000118126
9.5653e-005
0.000257422
0.000186471
0.000108588
9.13815e-005
1
0.979999
0.92975
0.999358
1
1
1
0.999999
0.524888
0.417623
0.993232
1
0.984444
0.559772
0.999792
1
0.153784
0.483837
0.0437608
2.50481e-007
6.32029e-006
0.000240133
1.94857e-007
1.01253e-007
0.211261
0.825226
0.001611
2.32681e-011
0.10276
0.401611
0.00437407
9.36301e-010
0.242633
0.59937
0.634953
0.0454849
0.0790873
0.247642
0.000275825
0.0525698
0.997811
0.999922
0.350314
2.53036e-005
0.351929
0.53852
0.809438
2.44084e-006
