0.987545
0.987026
1
1
0.754111
0.4272
0.999304
1
1
0.999999
1
0.999162
0.996197
0.74618
0.999287
0.99173
4.59869e-005
2.74795e-005
1.28644e-005
7.04429e-006
3.34944e-005
2.34126e-005
1.4828e-005
6.39424e-006
3.14618e-005
2.16318e-005
1.09452e-005
6.14888e-006
4.03965e-005
3.28306e-005
1.50464e-005
9.70065e-006
0.492259
0.993321
0.175138
1.43048e-007
0.435482
0.973358
0.0728138
0.000356103
1.43608e-006
0.644701
0.00354426
0.00433505
0.459466
0.935699
0.72499
0.000602601
0.000213513
0.000116489
4.70134e-005
2.70022e-005
0.000121691
9.78688e-005
5.19082e-005
2.25604e-005
0.000134847
9.84864e-005
3.62045e-005
2.35075e-005
0.000178554
0.000106836
3.69166e-005
2.37338e-005
4.74831e-008
6.8995e-012
2.6992e-008
2.20807e-008
5.51604e-006
2.51157e-008
9.35988e-007
5.07665e-010
5.03149e-008
1.65814e-009
3.68065e-006
3.36604e-006
8.51306e-010
4.82111e-010
1.69474e-005
0.0475233
1
1
1
1
1
1
1
1
1
1
1
1
1
1
1
1
0.000421166
0.020478
0.985701
0.999407
0.0726492
0.000667771
0.780547
0.540504
0.421725
0.437811
0.988572
0.357751
0.0599091
0.0399571
0.257367
0.785649
0.999998
0.999874
0.769525
0.876004
0.738598
0.594006
0.589856
0.994789
0.977168
0.742749
0.465634
0.386706
1
0.911792
0.030838
9.04579e-006
0.8573
0.632639
0.0276434
5.19542e-005
0.996378
0.999778
0.592208
0.067311
0.000916877
0.0616975
0.344669
0.852968
0.270932
0.533519
0.927405
1
0.785416
0.00592551
4.88434e-006
0.0123358
0.999933
0.997177
0.525693
0.0757007
0.00133635
0.0185841
0.804904
0.939716
0.58619
0.187467
0.488828
0.99993
5.0504e-005
3.97338e-005
2.24167e-005
1.33887e-005
5.11219e-005
5.09601e-005
2.3468e-005
9.53583e-006
5.23928e-005
4.14948e-005
2.39221e-005
1.18145e-005
4.83724e-005
5.1514e-005
2.50701e-005
1.90387e-005
0.0084845
0.0132921
0.596427
0.999759
0.0920305
1.0197e-006
0.251388
0.65679
0.936525
0.0678748
0.102243
0.234489
0.335178
0.0816071
0.000233297
2.20159e-005
0.000298618
0.000166216
0.000103966
8.48818e-005
0.000214219
0.000172757
0.000143221
6.84999e-005
0.000262996
0.000178661
0.000117385
9.02402e-005
0.000289836
0.00020426
0.000105209
8.97286e-005
1
0.980528
0.95331
0.999952
1
1
1
1
0.69125
0.500535
0.99993
1
0.999241
0.889416
0.99997
0.999999
0.115539
0.486758
0.179505
4.25415e-007
4.60464e-006
0.000228958
1.15419e-007
5.82569e-007
0.140805
0.579049
0.000619427
1.41022e-011
0.0793594
0.204693
0.00140451
4.87233e-008
0.251337
0.622105
0.616003
0.053147
0.0573452
0.151057
0.000974005
0.045459
0.984464
0.999843
0.344333
6.38145e-006
0.675833
0.61334
0.792434
0.000131996
