0.820146
0.72744
0.999986
1
0.685369
0.471745
0.994881
1
1
1
1
0.999964
0.991386
0.577463
0.992436
0.985843
4.83553e-005
2.7127e-005
1.32388e-005
7.85153e-006
3.0469e-005
2.13649e-005
1.4362e-005
6.98586e-006
3.06304e-005
1.88262e-005
1.16277e-005
7.07636e-006
3.97044e-005
2.85228e-005
1.57876e-005
9.04975e-006
0.498593
0.999796
0.44533
1.34607e-007
0.284532
0.986932
0.173775
2.76456e-005
4.40286e-008
0.635614
0.00116741
0.000491655
0.316512
0.993385
0.568589
0.000674162
0.000230071
0.00012256
4.70395e-005
2.66852e-005
9.92789e-005
8.54092e-005
4.65801e-005
2.33422e-005
0.000127461
9.2036e-005
3.50815e-005
2.68896e-005
0.000182361
0.000106779
3.93179e-005
2.2698e-005
1.21305e-006
2.33506e-011
5.89278e-007
2.20205e-007
6.29368e-005
1.08877e-007
7.57068e-006
3.77295e-008
1.95838e-007
2.17102e-008
1.44984e-005
1.32433e-005
7.8774e-009
3.02651e-010
2.82911e-005
0.089238
1
1
1
1
1
1
1
1
1
1
1
1
1
1
1
1
0.000283273
0.0021776
0.856996
0.999954
0.250723
0.000181332
0.739674
0.775483
0.49619
0.419965
0.999581
0.575015
0.232149
0.0203724
0.413945
0.562574
0.999985
0.996404
0.460974
0.477137
0.470022
0.416974
0.23833
0.956768
0.879953
0.609217
0.225719
0.274144
1
0.941765
0.144448
6.74308e-006
0.886638
0.75426
0.274483
3.56368e-005
0.995072
0.999886
0.628971
0.0214536
5.88324e-005
0.0202551
0.045126
0.745983
0.269727
0.504626
0.762625
1
0.931617
0.193145
6.05487e-006
0.0136192
0.99959
0.999012
0.66357
0.120223
0.00012774
0.00135331
0.6448
0.903284
0.550567
0.340952
0.333642
0.999981
5.58806e-005
4.29805e-005
2.53158e-005
1.42924e-005
4.62073e-005
4.55151e-005
2.294e-005
1.13403e-005
5.13015e-005
3.97593e-005
2.55252e-005
1.38799e-005
4.83488e-005
4.66559e-005
2.70046e-005
1.86864e-005
0.0100259
0.000293817
0.322438
0.999144
0.193078
2.757e-008
0.201328
0.806297
0.993602
0.15319
0.211195
0.482947
0.616856
0.0342878
0.00294849
3.10076e-006
0.000303437
0.000174808
0.000108712
8.77405e-005
0.000203113
0.000158131
0.000136457
7.57525e-005
0.000256314
0.000172815
0.000118053
9.69599e-005
0.000276191
0.000187682
0.000111812
8.44597e-005
1
0.989759
0.9583
0.999371
1
1
1
0.999999
0.511191
0.25237
0.988471
1
0.998082
0.619968
0.999665
1
0.0258522
0.455996
0.043259
5.24261e-007
2.94496e-006
0.00064319
4.97364e-007
5.31368e-008
0.140432
0.872662
0.00407911
1.01301e-011
0.0484394
0.34084
0.00350083
2.12827e-008
0.230235
0.531233
0.629421
0.0396374
0.129677
0.286578
0.000715676
0.0330021
0.993263
0.999986
0.416748
9.05691e-006
0.371371
0.563339
0.72198
0.000269152
