0.589165
0.883729
0.517109
0.9071
0.999393
1
1
1
1
0.999926
0.790092
0.805186
1
0.951486
0.519757
0.776838
2.68037e-005
1.22372e-005
2.54162e-006
1.51522e-006
1.56857e-005
1.58653e-005
6.69216e-006
4.18418e-006
1.40033e-005
2.18274e-005
7.7962e-006
6.1348e-006
1.40199e-005
1.58125e-005
1.03466e-005
1.00506e-005
0.336715
0.651998
0.987187
0.0188971
5.09179e-006
0.0708408
0.347163
3.43848e-006
5.04017e-011
0.0761542
0.84335
0.277514
1.89763e-007
0.441266
0.740331
0.140117
8.25954e-005
3.41662e-005
6.47818e-006
2.64453e-006
3.10006e-005
4.69259e-005
1.52443e-005
9.15083e-006
3.38495e-005
5.69294e-005
2.60042e-005
1.60776e-005
3.65481e-005
3.67244e-005
2.27102e-005
2.13901e-005
0.516127
0.0271009
0.930371
1
0.695064
0.000200429
0.0201313
0.565339
0.513538
2.85423e-005
0.00120429
0.195965
0.241169
0.00327132
0.473186
0.935274
0.999991
0.863171
2.17441e-005
1.096e-008
1
0.999671
0.315824
0.453083
0.999999
1
0.999959
0.999945
1
1
0.99926
0.935789
0.0452098
0.0111248
0.0933173
0.99993
0.764884
0.327444
0.200798
0.999984
1
0.533258
0.00308932
0.801056
0.914006
0.457262
0.01757
0.734336
1.74731e-006
4.76153e-006
1.27929e-009
3.37353e-012
5.33977e-007
0.00560399
0.00188504
1.44305e-007
4.96314e-005
0.0685127
0.00194656
4.90132e-008
0.00266096
0.000917534
4.11559e-007
3.81131e-009
0.999171
0.506444
0.464522
4.20139e-005
0.482187
4.14122e-006
2.77152e-006
1.15413e-007
0.000337765
0.520893
0.99725
0.901662
0.327572
0.776487
0.84184
0.500008
0.748232
0.205381
0.00117215
5.5394e-005
0.322764
0.00017002
9.06847e-010
8.73334e-009
0.217451
0.544081
0.504127
0.756838
0.742924
0.977952
0.499826
0.495734
4.95415e-005
2.66863e-005
9.07128e-006
6.28961e-006
2.96844e-005
2.83613e-005
1.19941e-005
9.04318e-006
3.06094e-005
3.64873e-005
2.10528e-005
1.81071e-005
2.58972e-005
2.9153e-005
2.37913e-005
2.64222e-005
0.466725
0.283474
0.0312199
0.765852
0.999508
0.987518
0.813012
1
1
0.749685
0.118218
0.236129
0.817028
0.444346
5.74365e-005
0.265453
0.000209404
0.000109834
4.848e-005
3.57341e-005
0.000150813
0.000123393
6.25309e-005
4.79222e-005
0.000183703
0.000179539
8.67434e-005
6.39682e-005
0.00011381
0.000126653
0.000109544
0.000103959
0.887104
0.533412
0.23498
6.84591e-006
0.788575
0.468943
0.016713
6.76261e-005
0.566621
0.999954
0.990733
0.98354
0.98272
0.999969
0.67044
0.483013
2.98695e-007
0.477688
0.998776
0.941322
1.25911e-010
0.0612415
0.631162
0.416207
5.83773e-010
8.6276e-007
3.00639e-005
4.74773e-008
0.00355437
0.115885
0.354114
0.357604
5.04471e-005
0.775146
1
0.66576
3.77339e-008
0.577688
1
0.998992
3.03311e-007
0.214133
0.594394
0.122085
0.452483
0.284377
0.523662
0.499998
