0.708709
0.99999
0.999454
0.999694
0.99946
1
0.999998
1
1
0.99958
0.508398
0.52545
1
0.949974
0.498779
0.740922
1.96838e-005
1.19515e-005
3.82154e-006
2.30323e-006
1.27162e-005
1.67006e-005
9.71031e-006
6.99542e-006
1.21635e-005
2.35386e-005
9.54603e-006
7.44318e-006
1.71511e-005
1.94753e-005
9.49434e-006
7.49695e-006
0.022896
0.242567
0.825407
0.0383652
2.72048e-007
0.00789327
0.807999
0.00266028
1.28693e-012
0.13011
0.914849
0.510871
2.4828e-008
0.498406
0.999423
0.238853
6.0361e-005
3.5571e-005
1.02367e-005
3.85923e-006
2.52605e-005
5.45051e-005
2.36585e-005
1.58641e-005
3.22845e-005
6.2337e-005
3.21208e-005
2.10085e-005
4.71935e-005
5.25999e-005
2.06962e-005
1.54475e-005
0.767834
0.0721051
0.586484
0.999855
0.787389
0.00139004
2.79027e-005
0.269277
0.548081
2.90179e-005
0.00857187
0.27154
0.233775
0.00443265
0.506172
0.99933
0.999979
0.996305
0.00193738
5.67716e-008
1
1
0.748056
0.501602
0.999996
1
0.99994
0.999932
1
1
0.961813
0.751159
0.179601
0.328833
0.00166138
0.998896
0.976419
0.506485
0.000461576
0.998368
1
0.611153
4.24079e-005
0.680246
0.795321
0.314222
0.000963686
0.741275
8.75579e-007
0.00026554
7.36112e-007
2.69149e-010
2.474e-007
0.0198606
0.0151874
2.24536e-007
0.000466892
0.283327
0.0100903
5.21874e-009
0.0290023
0.00832595
1.28387e-006
2.82813e-010
0.999588
0.0728278
0.218875
2.14034e-007
0.428092
0.000361475
0.00173799
3.51034e-006
5.35431e-005
0.615117
0.999992
0.999994
0.268637
0.744995
0.795942
0.500007
0.608252
0.00296293
4.6551e-008
7.25639e-008
0.286583
0.00978403
1.85359e-007
7.3919e-007
0.0889674
0.836296
0.830403
0.997346
0.661506
0.867291
0.499921
0.499917
4.06816e-005
2.6334e-005
1.00338e-005
8.17525e-006
2.52853e-005
3.14039e-005
1.72345e-005
1.44189e-005
2.58173e-005
4.4975e-005
2.4926e-005
2.25262e-005
3.12545e-005
3.63372e-005
2.44829e-005
2.21029e-005
0.484093
0.802864
0.412388
0.924962
0.998412
0.97085
0.556612
0.999634
1
0.748502
0.00898696
0.00318033
0.940527
0.444018
1.89013e-007
0.250454
0.000169094
0.000110479
5.91862e-005
4.26405e-005
0.000141767
0.000135822
7.77073e-005
7.03356e-005
0.000159695
0.000201697
0.000102482
7.68388e-005
0.000140582
0.000148627
0.000106554
9.67426e-005
0.802371
0.352049
0.00151765
7.07827e-007
0.728762
0.980782
0.348433
0.0125015
0.494295
0.999991
0.999938
0.999273
0.946338
0.999936
0.70553
0.48951
8.46566e-008
0.243726
0.997079
0.988883
1.98601e-010
0.000514492
0.354337
0.247674
1.55027e-009
1.4944e-005
0.000550079
5.70718e-008
0.000692497
0.231234
0.714707
0.434047
2.00393e-005
0.510966
1
0.962731
1.62463e-008
0.499941
1
0.998496
8.68798e-006
0.0455231
0.609269
0.00156965
0.483744
0.484681
0.743703
0.499986
