0.61988
0.999741
0.982931
0.99412
0.998482
1
1
1
1
0.997675
0.491149
0.511138
1
0.977873
0.499083
0.629014
2.30182e-005
1.18463e-005
3.86825e-006
2.51033e-006
1.20577e-005
1.43811e-005
8.99002e-006
7.40597e-006
1.20407e-005
2.04586e-005
9.24712e-006
8.12859e-006
1.91393e-005
1.84388e-005
8.28017e-006
7.21028e-006
0.0437763
0.254421
0.88131
0.0804819
1.93849e-006
0.00108963
0.679057
0.000838206
7.82282e-012
0.0821323
0.879894
0.494875
3.84669e-008
0.4952
0.999654
0.242626
7.12565e-005
3.50308e-005
9.65282e-006
4.14538e-006
2.45913e-005
4.73839e-005
2.16221e-005
1.59414e-005
3.05123e-005
5.55992e-005
3.11387e-005
2.30364e-005
5.05592e-005
4.87711e-005
1.73483e-005
1.40616e-005
0.783349
0.126749
0.592712
0.999978
0.775937
0.0026236
0.000168924
0.296847
0.527734
7.45821e-005
0.0229173
0.255923
0.226606
0.00461245
0.527294
0.99989
0.999976
0.988825
0.000396471
2.18339e-008
1
1
0.678933
0.498269
0.999993
1
0.999972
0.999977
1
0.999999
0.90201
0.843173
0.072041
0.19162
0.00398139
0.998622
0.956585
0.50234
0.00227226
0.999796
1
0.608766
3.92219e-005
0.644569
0.772139
0.305139
0.00339993
0.742482
7.30869e-007
0.000178466
3.02335e-007
1.17836e-010
2.16736e-007
0.0273818
0.0414436
9.5356e-007
0.000153945
0.131856
0.00723257
2.77118e-008
0.0510763
0.00634928
5.31508e-007
4.70881e-011
0.999212
0.335344
0.254654
8.36167e-006
0.449848
4.05778e-005
5.04193e-005
1.02668e-007
1.63798e-005
0.757786
0.999999
0.999985
0.225472
0.709857
0.792202
0.500046
0.731697
0.0147303
2.88788e-006
4.9425e-006
0.307209
0.00609774
3.63674e-008
1.08319e-007
0.0726843
0.969345
0.933742
0.997968
0.438361
0.618991
0.500006
0.499998
4.53947e-005
2.56592e-005
1.12403e-005
8.7475e-006
2.51729e-005
2.68231e-005
1.52958e-005
1.48753e-005
2.57463e-005
4.10929e-005
2.44965e-005
2.41601e-005
3.27078e-005
3.63442e-005
2.29405e-005
2.19659e-005
0.475893
0.706055
0.435717
0.763266
0.994661
0.998567
0.78406
0.999994
1
0.747432
0.00816912
0.0294377
0.97431
0.411682
8.17911e-008
0.242459
0.000188642
0.000111919
6.0017e-005
4.90178e-005
0.000135595
0.000129001
7.77058e-005
7.40016e-005
0.000157358
0.000184326
0.000101838
8.18884e-005
0.000149669
0.000142406
9.9353e-005
0.000100679
0.85169
0.486767
0.0289463
3.48923e-006
0.745164
0.847622
0.275423
0.00315191
0.498976
0.999999
0.999991
0.999777
0.86262
0.999396
0.697226
0.499054
1.1279e-007
0.280205
0.999393
0.956699
2.21155e-010
0.000872339
0.518462
0.339124
8.2272e-009
4.63281e-006
7.04336e-005
1.89718e-008
0.0011436
0.24129
0.713483
0.355268
8.47361e-006
0.511099
1
0.758468
7.50202e-009
0.499597
1
0.996177
0.000129127
0.00271354
0.450941
0.0010359
0.496852
0.608591
0.731165
0.49962
