0.408268
0.727653
0.5019
0.99037
0.99998
1
1
1
1
0.998754
0.562808
0.739519
1
0.991633
0.865006
0.998379
2.35582e-005
1.12521e-005
3.07033e-006
1.78344e-006
1.56621e-005
1.51694e-005
6.70045e-006
3.79269e-006
1.56718e-005
2.02236e-005
7.72764e-006
5.06475e-006
2.38392e-005
1.85703e-005
1.31942e-005
1.24865e-005
0.482589
0.661847
0.976078
0.00240797
5.75352e-006
0.110953
0.240864
1.05183e-005
7.33216e-011
0.379319
0.989885
0.251534
2.4342e-007
0.500755
0.747331
0.00142055
7.26706e-005
2.66027e-005
7.02956e-006
3.40648e-006
2.94151e-005
3.96514e-005
1.5285e-005
8.08511e-006
4.22048e-005
5.60191e-005
2.58968e-005
1.1477e-005
7.97996e-005
5.97305e-005
3.12352e-005
2.94185e-005
0.665077
0.163079
0.998965
1
0.600652
0.00013696
0.0964086
0.706973
0.282984
9.94818e-007
0.00199709
0.617599
0.00203411
2.09253e-006
0.256303
0.530216
0.999968
0.561869
1.38577e-006
3.9093e-005
1
0.888525
0.400788
0.454106
0.999999
1
0.999967
0.997781
1
1
0.96402
0.611949
0.00193626
0.000981239
0.263749
0.999999
0.905718
0.406042
0.491282
0.996646
0.999999
0.498451
0.00891251
0.499779
0.814868
0.0590454
0.179397
0.799087
2.72125e-007
9.61802e-007
2.56669e-010
2.83119e-012
9.35799e-007
0.0200007
0.000675541
5.37544e-008
0.00284085
0.340818
8.2193e-005
3.41009e-009
0.505902
0.331389
3.18958e-006
1.63865e-006
0.999752
0.500154
0.318693
2.56653e-005
0.245483
2.88352e-007
1.74934e-006
9.91123e-005
0.00094805
0.574981
0.999992
0.999983
0.0674408
0.555543
0.500618
0.419577
0.748328
0.239503
0.00759528
0.0342491
0.118597
2.9646e-006
6.24188e-009
4.01126e-008
0.0384729
0.690735
0.779395
0.970939
0.258282
0.517355
0.381338
0.151713
4.42297e-005
2.42352e-005
1.1301e-005
7.25525e-006
3.02865e-005
2.3523e-005
1.52999e-005
8.3816e-006
3.16036e-005
3.43366e-005
2.25102e-005
1.44928e-005
3.85011e-005
3.08686e-005
2.9374e-005
2.75638e-005
0.37495
0.261559
0.400635
0.735833
0.998793
0.999915
0.984566
1
1
0.559743
0.00026868
0.0140118
0.998368
0.372835
0.00348386
0.500031
0.000191121
0.000102334
6.13889e-005
4.25649e-005
0.000155344
0.000129894
6.97497e-005
4.39613e-005
0.000184355
0.000166299
8.63084e-005
5.41518e-005
0.000171572
0.000145292
0.000133122
0.000113845
0.805489
0.501977
0.243707
0.000990307
0.469314
0.379604
0.00174079
0.000751953
0.556573
0.999974
0.999202
0.998945
0.922436
0.864827
0.496188
0.172613
8.80893e-008
0.497543
0.998687
0.666949
1.24554e-009
0.23793
0.600925
0.285154
1.94745e-008
0.00307943
0.00292814
2.9908e-007
0.0168927
0.51507
0.958442
0.499549
2.18017e-005
0.944361
0.999753
0.500246
2.14515e-006
0.74746
1
0.999342
7.91136e-005
0.461737
0.657141
0.00125201
0.515528
0.766117
0.907401
0.70141
