0.546841
0.999701
0.912745
0.97868
0.995373
1
1
1
1
0.998913
0.494362
0.517876
1
0.991398
0.500959
0.747452
2.79399e-005
1.31784e-005
3.82052e-006
2.32221e-006
1.44796e-005
1.65908e-005
8.92811e-006
6.33361e-006
1.26413e-005
2.05236e-005
9.19972e-006
6.96777e-006
1.8594e-005
1.79218e-005
8.54627e-006
7.95896e-006
0.161341
0.25645
0.948344
0.149708
4.66066e-005
0.000303816
0.817978
0.00016994
2.87227e-012
0.0633477
0.984482
0.410591
2.05422e-008
0.491679
0.998751
0.210748
8.76422e-005
3.93878e-005
9.34e-006
3.90696e-006
2.8756e-005
4.71049e-005
2.05538e-005
1.34288e-005
3.2384e-005
5.25127e-005
2.91831e-005
1.96184e-005
5.23849e-005
4.59157e-005
1.77174e-005
1.58347e-005
0.63598
0.145187
0.622461
0.999995
0.79076
0.00253038
0.00241442
0.440295
0.587746
0.000196988
0.0733985
0.395109
0.214354
0.00157069
0.511148
0.99834
0.99997
0.985749
0.000126473
4.15766e-008
1
0.999999
0.540105
0.494641
0.999973
1
0.999818
0.999857
1
0.999999
0.849572
0.637057
0.0270616
0.154014
0.0079013
0.998715
0.859059
0.49894
0.0089851
0.999928
1
0.656808
0.000154278
0.685118
0.760527
0.315544
0.0165833
0.747132
1.05737e-006
5.68589e-005
9.94695e-008
2.12488e-011
4.53663e-008
0.00589765
0.00479712
1.33471e-007
2.19202e-005
0.0152381
0.000869066
3.43447e-009
0.0902563
0.00759031
5.21819e-007
8.80661e-010
0.999761
0.387186
0.283468
2.07315e-005
0.480048
7.81207e-005
0.000159858
4.04655e-007
7.68417e-006
0.831911
1
0.999995
0.0898157
0.526587
0.568858
0.499988
0.723711
0.028304
1.68673e-005
2.30561e-005
0.453536
0.00790428
2.5075e-008
1.28627e-007
0.0744696
0.977055
0.914152
0.998069
0.266406
0.524434
0.499951
0.499701
5.34202e-005
2.96143e-005
1.13257e-005
8.43902e-006
3.06871e-005
2.95107e-005
1.55716e-005
1.38231e-005
2.75419e-005
4.16176e-005
2.51178e-005
2.153e-005
3.28456e-005
3.61672e-005
2.2337e-005
2.22129e-005
0.442269
0.667156
0.317631
0.750857
0.943205
0.999288
0.762763
0.999981
1
0.746197
0.000477372
0.011619
0.996288
0.380752
1.68295e-006
0.255406
0.000221105
0.0001267
5.97415e-005
4.7388e-005
0.000150688
0.00014586
7.91022e-005
6.48594e-005
0.000161118
0.000187628
9.88672e-005
7.31821e-005
0.000149523
0.000141978
0.000105622
0.000101575
0.910272
0.504372
0.106742
8.40649e-006
0.858049
0.88785
0.252534
0.00237739
0.497866
0.999999
0.999969
0.999354
0.583374
0.988944
0.509559
0.445021
4.87633e-007
0.239942
0.999509
0.874213
2.03798e-010
0.000443164
0.508714
0.273021
1.91954e-008
6.13102e-006
0.000270575
2.49594e-008
0.0113091
0.29864
0.800607
0.485862
1.72516e-005
0.504632
1
0.751242
7.51207e-009
0.498048
1
0.994577
6.607e-005
0.00379703
0.46041
0.000556501
0.500014
0.703954
0.743925
0.499998
