0.257781
0.997423
0.999975
0.999997
0.997397
1
1
1
1
0.999999
0.999954
0.999997
1
1
0.999398
0.985471
5.05236e-005
2.35397e-005
1.29022e-005
5.27333e-006
3.42013e-005
1.80863e-005
1.29724e-005
6.60915e-006
3.43862e-005
2.39487e-005
1.25155e-005
9.21764e-006
7.00676e-005
3.08728e-005
1.40918e-005
8.68392e-006
0.745131
0.03795
0.259118
0.467237
0.248307
2.03794e-005
0.561061
0.291563
2.11253e-008
7.88322e-005
0.502557
0.338334
1.52662e-006
0.126501
0.989855
0.401022
0.000179861
7.01129e-005
3.53168e-005
1.75672e-005
6.71205e-005
6.59357e-005
3.07331e-005
1.93832e-005
8.80678e-005
7.27075e-005
4.06064e-005
2.94072e-005
0.000232209
0.000128235
4.07354e-005
2.39522e-005
0.0144541
0.000306957
0.000165883
0.67878
0.0443265
0.00018458
6.24315e-008
0.00286293
0.00038701
3.04875e-006
1.78471e-007
1.86221e-005
3.67595e-008
1.39023e-009
5.81129e-008
0.00549085
1
1
0.999194
0.341313
1
1
1
0.958475
1
1
1
0.999999
1
1
1
1
0.000313938
0.543065
0.00357748
0.343538
0.978386
0.898644
0.0334073
0.180559
0.999999
0.855708
0.000617078
0.383943
0.704221
0.172411
0.000795653
0.0112305
0.000892062
0.000324592
0.00142777
2.0877e-007
1.1667e-005
0.293931
0.195035
2.02946e-005
0.010422
0.658464
0.542821
9.92976e-005
0.994
0.986351
0.449332
3.55022e-005
0.999952
0.517387
0.30371
0.444869
0.234049
0.000107835
0.0145812
0.0209068
2.86493e-008
0.0708036
0.92902
0.500901
3.43224e-007
0.0295411
0.981071
1
0.811149
0.13929
4.57858e-006
0.173689
0.272326
0.0121098
1.31638e-005
3.54727e-008
0.00291155
0.428839
0.00469273
0.00287382
0.000435093
0.268859
0.635992
0.943933
7.89771e-005
4.56744e-005
2.40117e-005
1.80317e-005
6.17158e-005
3.58484e-005
1.71886e-005
1.43404e-005
6.2026e-005
4.0728e-005
1.98475e-005
1.90574e-005
9.30405e-005
4.87622e-005
2.62959e-005
1.89006e-005
0.240348
0.501574
0.498955
0.00487144
0.603049
0.999949
0.487401
0.208404
0.999999
0.91769
0.324187
0.0103028
0.999993
0.474729
2.41498e-007
5.66166e-006
0.000291859
0.00018085
0.000105377
6.10079e-005
0.000228265
0.000170804
8.35613e-005
6.0511e-005
0.000248794
0.000213167
0.00011794
8.42583e-005
0.000339224
0.000181267
0.000110111
8.11228e-005
0.999971
0.905139
0.529086
0.342805
0.995395
0.987736
0.860762
0.0429133
0.640686
0.999993
0.999288
0.870832
0.460534
0.996096
0.999806
0.999964
8.18046e-006
1.57089e-006
0.0108202
0.0133401
8.46436e-008
5.58917e-008
0.00396876
0.139807
0.000313678
3.65507e-007
0.00137802
1.06401e-005
0.260514
0.534981
0.580658
7.74509e-005
2.69875e-006
0.456589
0.999879
0.999266
1.37282e-006
0.132363
0.99998
0.999999
0.2446
0.00762343
0.65386
0.608628
0.998131
0.996949
0.946641
0.029451
