0.830205
0.999986
0.99999
1
1
1
1
1
1
0.999968
0.999762
0.999964
1
0.999831
0.998902
0.997999
3.18347e-005
1.94561e-005
1.14257e-005
5.70814e-006
2.2237e-005
1.78131e-005
1.27026e-005
4.58423e-006
1.76048e-005
2.19374e-005
1.19414e-005
6.13099e-006
3.22949e-005
2.3672e-005
1.4996e-005
9.86777e-006
0.0789761
0.0608037
0.596878
0.00749149
8.4715e-007
0.0065883
0.761771
0.0243376
2.83408e-010
0.0175086
0.761884
0.408983
7.46957e-010
0.48331
0.999728
0.0887908
0.000102312
6.07423e-005
3.63919e-005
1.69304e-005
5.28729e-005
6.63197e-005
3.58408e-005
1.48063e-005
5.93961e-005
6.94086e-005
4.68122e-005
1.72832e-005
0.000121759
9.37209e-005
4.27452e-005
2.18782e-005
0.0286189
9.20354e-006
0.000559763
0.618884
0.0340024
8.90192e-007
2.7458e-009
0.000481306
0.00169036
5.78527e-008
8.31183e-009
5.70673e-006
4.70634e-006
4.01626e-009
1.24118e-007
0.0111347
1
1
0.999462
0.99849
1
1
1
0.996843
1
1
1
1
1
1
1
1
0.0160634
0.547547
0.0525467
0.982321
0.975355
0.527615
0.223799
0.417355
0.999909
0.502225
0.0263464
0.703093
0.517647
0.112276
0.000638165
0.499294
0.000443797
0.0875252
0.00012087
1.61522e-008
0.00363225
0.881056
0.258676
0.000882613
0.250779
0.982008
0.539074
0.00301048
0.919254
0.988592
0.213593
2.5715e-006
0.998704
0.264683
0.44541
0.0615061
0.021041
0.000422402
0.00184882
8.89293e-006
0.00060397
0.0828998
0.852837
0.758321
0.00696244
0.341796
0.993988
0.977828
0.680508
0.0137686
2.24139e-006
0.251004
0.176339
0.020888
3.54383e-007
6.90097e-009
0.0980651
0.634213
0.282763
0.356981
0.168934
0.555779
0.389127
0.499168
5.10653e-005
3.4131e-005
2.35356e-005
2.02863e-005
3.80721e-005
3.13838e-005
2.15642e-005
8.45063e-006
3.338e-005
3.27355e-005
2.08825e-005
1.06998e-005
4.33292e-005
3.40542e-005
2.42468e-005
1.88875e-005
0.382368
0.568295
0.322161
0.0146523
0.99949
0.997625
0.535755
0.951515
1
0.740805
0.232607
0.0128439
0.9856
0.376445
3.19844e-007
0.00068399
0.000207979
0.000148609
0.000106422
6.55015e-005
0.000194045
0.000131141
9.70494e-005
4.55683e-005
0.000183087
0.000178112
0.000128101
6.67768e-005
0.00021286
0.000156459
0.000115296
8.79053e-005
0.999929
0.986617
0.316596
0.720842
0.998641
0.999136
0.468903
0.038186
0.992305
0.999995
0.999783
0.997499
0.98326
0.999983
0.996801
0.950916
1.64818e-009
0.00039582
0.118139
5.56253e-005
4.56952e-011
0.000783691
0.0339626
0.0023493
1.44168e-010
0.000117115
0.00134953
2.84821e-008
0.00620461
0.357251
0.59701
3.65151e-005
2.23564e-005
0.501972
0.999987
0.760439
7.12641e-005
0.499594
0.999897
0.999986
0.000139771
0.136261
0.607339
0.399813
0.508361
0.773378
0.942323
0.415702
