0.764258
0.99995
0.999917
0.999999
1
1
1
1
1
0.999974
0.999844
0.999596
1
0.999952
0.995123
0.920742
3.55052e-005
1.69146e-005
7.92314e-006
3.73319e-006
2.35414e-005
1.47644e-005
9.63266e-006
3.6555e-006
2.09861e-005
1.82413e-005
1.08339e-005
5.45611e-006
3.45257e-005
1.80271e-005
1.0832e-005
5.68905e-006
0.265557
0.0908965
0.923476
0.000609589
8.60023e-006
0.159062
0.300597
0.000367733
6.04678e-011
0.0251837
0.709583
0.264537
2.48649e-010
0.49636
0.999076
0.217946
0.000121662
5.4802e-005
3.17577e-005
1.13501e-005
5.35269e-005
5.12667e-005
2.83168e-005
1.33043e-005
6.3168e-005
5.73741e-005
4.32215e-005
1.57149e-005
0.000129761
7.39021e-005
3.10175e-005
1.53595e-005
0.0154535
6.09478e-006
0.00157743
0.52787
0.0643427
8.32705e-007
1.31755e-009
2.86435e-005
0.00320377
4.6186e-008
6.20721e-009
3.06832e-006
3.14151e-006
5.47778e-010
7.46507e-007
0.45594
1
1
0.999803
0.994262
1
1
1
0.998425
1
1
1
1
1
1
1
0.999995
0.215928
0.226139
0.0157613
0.996905
0.966834
0.534994
0.375794
0.611154
0.999997
0.49957
0.0427874
0.569866
0.817858
0.0332391
2.59221e-005
0.111645
0.000231287
0.0190434
0.000119218
6.64164e-008
0.000836298
0.731874
0.363535
0.0354128
0.124382
0.930198
0.451322
0.00851484
0.917084
0.987912
0.105874
5.81957e-007
0.982613
0.43134
0.481775
0.0277915
0.0275429
0.00138647
0.00038907
3.91067e-006
3.65059e-005
0.326326
0.754466
0.884974
5.13688e-005
0.407088
0.99989
1
0.751884
0.100217
4.27237e-005
0.288075
0.219323
0.0312333
4.25739e-007
4.59234e-008
0.0809567
0.498926
0.484446
0.542426
0.0113004
0.36125
0.636373
0.998964
6.3016e-005
2.95468e-005
1.81814e-005
1.38872e-005
4.40174e-005
2.28464e-005
1.70689e-005
6.5946e-006
3.95489e-005
2.74711e-005
1.95969e-005
1.05647e-005
5.07825e-005
2.73518e-005
2.09138e-005
1.58791e-005
0.346217
0.536551
0.252692
0.306989
0.999538
0.959254
0.676179
0.998835
1
0.721922
0.15854
0.0221657
0.999874
0.483604
9.62333e-009
4.33904e-007
0.000228036
0.00015631
9.26281e-005
4.7262e-005
0.000190541
0.000116953
7.46513e-005
4.58602e-005
0.000192644
0.000156269
0.000110868
6.55613e-005
0.000210435
0.00014218
8.4575e-005
6.174e-005
0.999923
0.996453
0.300257
0.52107
0.999441
0.999495
0.48384
0.141428
0.991475
0.999996
0.999976
0.999987
0.892962
0.999962
0.999963
0.999974
1.77077e-009
0.000745065
0.117131
0.000173397
2.34841e-011
0.000314668
0.0366649
0.00515163
9.43134e-010
0.000191629
5.12178e-005
6.50724e-009
0.00696998
0.495379
0.429506
1.47309e-005
7.15746e-006
0.497512
0.999991
0.844774
4.06879e-007
0.500838
0.999499
0.999733
0.00048533
0.202061
0.352446
0.0886722
0.686491
0.942415
0.978802
0.00080616
