0.533853
0.999901
0.999923
0.999999
0.999877
1
1
1
1
0.99998
0.994432
0.957149
1
0.999962
0.995501
0.899551
4.81342e-005
1.59536e-005
9.7263e-006
5.4229e-006
3.78795e-005
1.47757e-005
1.15092e-005
4.12756e-006
3.07905e-005
1.72888e-005
1.26817e-005
5.29131e-006
3.88652e-005
1.47726e-005
8.86902e-006
5.28601e-006
0.744061
0.0157373
0.390365
6.4969e-005
0.253006
0.000250367
0.310443
0.074498
3.15347e-006
0.00134089
0.843226
0.519882
0.0324571
0.280576
0.997684
0.335382
0.000156445
4.84122e-005
3.60248e-005
1.51833e-005
8.08598e-005
5.05708e-005
3.77642e-005
1.36404e-005
8.51771e-005
4.74513e-005
4.22038e-005
1.5171e-005
0.000136748
5.33353e-005
2.72855e-005
1.22023e-005
0.00260036
4.93871e-005
0.000818736
0.50938
0.000974732
6.58716e-006
4.55728e-009
0.000197756
0.000188003
1.88972e-006
2.03425e-008
0.000192312
2.06148e-008
8.61984e-009
0.000472129
0.55775
1
1
0.999516
0.994651
1
1
1
0.99956
1
1
1
1
1
1
0.999998
0.999528
0.0905904
0.358559
0.252544
0.978415
0.754181
0.532357
0.504418
0.7872
0.99996
0.509326
0.0101694
0.486808
0.759585
0.241104
3.1982e-005
0.301342
0.00193409
0.00130353
5.23741e-005
4.60769e-007
3.04002e-005
0.524131
0.333128
0.00357051
0.0137758
0.561046
0.316307
0.00142585
0.958639
0.814754
0.0018309
9.3806e-008
0.999771
0.458257
0.344804
0.128872
0.209312
0.00263995
0.0108992
0.000207287
3.61959e-006
0.342917
0.999501
0.99883
2.43955e-005
0.419578
0.999983
0.999993
0.743125
0.0317653
1.08757e-005
0.301805
0.0944757
0.118835
1.20753e-005
1.58759e-007
0.0844855
0.886353
0.755453
0.537682
0.00914615
0.280411
0.746986
0.966417
7.6377e-005
2.89173e-005
2.27174e-005
1.73815e-005
6.55075e-005
2.63785e-005
2.22415e-005
7.37456e-006
5.88821e-005
2.71881e-005
2.22915e-005
9.88083e-006
6.33922e-005
2.33394e-005
2.03449e-005
1.567e-005
0.242925
0.518021
0.469083
0.486686
0.504979
0.999846
0.773288
0.96487
0.999861
0.821474
0.0107773
0.000470852
0.934737
0.440771
3.17472e-008
3.92285e-006
0.000284001
0.000136338
0.000106549
6.25797e-005
0.000230475
0.000125074
9.68863e-005
4.8471e-005
0.000228346
0.000149722
0.000115272
6.15872e-005
0.000228282
0.000115708
7.53819e-005
5.95662e-005
0.999914
0.946714
0.357386
0.504278
0.99969
0.996503
0.507698
0.208137
0.983417
1
1
0.999993
0.708444
0.999973
0.999936
0.996925
7.70426e-006
6.00333e-005
0.200871
0.00344736
4.25945e-007
3.57012e-006
0.00350504
0.0040799
0.000121859
3.89885e-007
6.13352e-005
4.99675e-009
0.395846
0.0809472
0.0646946
0.000205681
0.000856102
0.49951
0.999953
0.572008
0.000759049
0.49253
0.998196
0.998857
0.432693
0.0156217
0.116494
0.0124692
0.98884
0.886737
0.927968
0.0536241
