0.75048
0.998827
0.997935
1
0.999982
1
1
1
1
0.999999
0.999642
0.999872
1
0.999957
0.998931
0.972504
4.35698e-005
1.91784e-005
8.85634e-006
5.29054e-006
2.96123e-005
2.0053e-005
1.25422e-005
4.83935e-006
2.08944e-005
1.63191e-005
1.35276e-005
7.05168e-006
2.9464e-005
1.54129e-005
1.24405e-005
6.89834e-006
0.366002
0.267178
0.60789
7.38634e-005
0.00638373
0.000352132
0.473074
0.00023063
4.32857e-011
0.000222987
0.692313
0.380237
5.12692e-006
0.178439
0.993761
0.36885
0.000138288
5.82951e-005
2.78892e-005
1.36883e-005
6.53231e-005
6.3335e-005
3.40439e-005
1.49906e-005
6.38962e-005
5.32957e-005
4.37334e-005
1.9996e-005
9.7511e-005
5.42043e-005
3.68902e-005
1.84041e-005
0.0310397
7.20792e-005
0.199266
0.796825
0.129345
6.71918e-006
7.80684e-008
0.000112563
0.00302767
1.97927e-006
3.50232e-009
2.02192e-006
8.13853e-006
6.74395e-008
1.3539e-007
0.260656
1
0.999999
0.632664
0.781393
1
1
0.999726
0.999741
1
1
1
1
1
1
1
0.999998
0.0102254
0.169335
0.317455
0.999998
0.878552
0.534741
0.450695
0.998801
1
0.684644
0.0872271
0.666853
0.85747
0.449942
0.000108203
0.16639
0.000755234
0.000555341
1.25366e-006
1.7212e-009
3.50547e-005
0.344169
0.114117
0.00127514
0.0450121
0.714009
0.521152
0.00595491
0.753638
0.947821
0.25547
3.97608e-005
0.999896
0.502564
0.409513
0.000994308
0.390684
2.32253e-005
2.3478e-005
4.87241e-007
5.8652e-007
0.0269859
0.893969
0.701832
0.000384917
0.363446
0.999891
0.999999
0.82843
0.189074
1.35249e-006
0.237406
0.303723
0.00401363
1.41193e-007
2.84276e-008
0.107704
0.49741
0.205689
0.494846
0.216362
0.613844
0.624333
0.998455
7.1362e-005
3.4166e-005
2.36336e-005
1.80165e-005
5.47582e-005
3.38876e-005
2.03066e-005
9.71986e-006
4.39893e-005
2.55517e-005
2.12083e-005
1.30209e-005
4.41623e-005
2.27358e-005
2.28275e-005
1.77611e-005
0.254567
0.474331
0.466336
0.558813
0.780237
0.999758
0.853503
0.999384
1
0.988113
0.106745
0.0343961
0.996074
0.493287
2.11831e-007
1.72073e-007
0.000267805
0.000144777
0.000100384
7.02553e-005
0.000217389
0.000150052
9.81059e-005
5.00152e-005
0.000194451
0.000156185
0.000123509
6.9536e-005
0.000186838
0.000121907
8.93926e-005
6.91057e-005
0.999976
0.776886
0.0905058
0.311031
0.998981
0.979874
0.15155
0.0119479
0.935317
0.999978
0.999634
0.99939
0.846397
0.999999
0.999997
0.999973
2.36459e-009
0.0322892
0.68094
0.00218388
3.61987e-010
6.2957e-005
0.104524
0.00107999
6.52326e-009
2.35236e-006
0.000117325
1.01095e-007
0.0524148
0.0581168
0.0882862
0.000121031
2.13152e-005
0.503858
0.999842
0.506849
4.25885e-006
0.499761
0.99999
0.999638
0.00305404
0.0642429
0.801559
0.208742
0.69673
0.72096
0.993768
0.0205651
