0.834037
0.917192
0.999415
0.999281
0.749972
0.0957054
0.755584
1
1
0.999995
0.999989
1
0.737052
0.383476
0.682401
0.999853
1.85838e-005
1.45699e-005
1.78294e-005
4.27682e-005
7.53612e-006
9.44242e-006
1.45408e-005
1.60052e-005
4.42142e-006
3.9038e-006
6.78605e-006
7.84309e-006
5.01356e-006
2.94874e-006
5.35637e-006
1.00049e-005
0.00464993
0.894863
0.0215361
1.89652e-011
0.12509
0.548266
0.154528
1.63363e-011
2.07223e-005
0.0601082
0.00288793
1.65006e-010
0.730408
0.898568
0.212787
3.65384e-010
6.25045e-005
6.28937e-005
5.44893e-005
0.000148018
2.26578e-005
2.87337e-005
3.83258e-005
4.22714e-005
1.78237e-005
1.61851e-005
1.92253e-005
2.35021e-005
1.78006e-005
9.89397e-006
1.17555e-005
2.00151e-005
0.000717951
2.69652e-006
0.0521009
0.0535692
0.244814
0.0148123
0.449943
0.0241288
0.0057233
0.00210262
0.711405
0.3276
4.06817e-005
0.272548
0.999417
0.90567
1
1
1
1
1
1
1
1
0.995925
0.889109
0.958779
1
0.999998
0.772436
0.738173
1
0.00463439
0.00209885
0.992281
0.992831
0.322075
0.000577101
0.627425
0.999925
0.582112
0.646497
0.999959
0.999964
0.00146457
0.000959256
0.604419
0.999999
0.582271
0.374996
0.00247537
0.489814
6.00002e-006
9.01439e-005
2.3996e-007
0.0357847
0.013983
9.09513e-006
3.32016e-009
0.00150321
0.435624
0.00012283
4.98006e-012
1.59316e-008
0.999995
0.994072
0.392147
0.334005
0.751528
1
0.969721
0.000971987
0.000166341
0.407703
0.997232
0.639854
0.999762
1
0.999868
0.517314
0.934799
0.346166
0.434957
0.999989
0.999846
0.999989
0.919763
0.802076
7.30091e-007
0.1931
0.99287
0.937791
0.847883
0.918016
0.997602
0.741516
2.77412e-005
2.86067e-005
4.34055e-005
7.45617e-005
1.83979e-005
2.52806e-005
2.71043e-005
2.8403e-005
1.01574e-005
1.39103e-005
2.58198e-005
1.59589e-005
1.2282e-005
1.15376e-005
1.78381e-005
1.94077e-005
0.286733
0.00352848
0.209453
0.999642
0.0749568
1.9612e-007
0.0111762
0.999227
0.99688
0.254009
0.528506
0.983843
0.241658
0.0182139
0.00163302
0.978843
0.000163005
0.000125867
0.000147827
0.000299279
9.18004e-005
8.55811e-005
0.000143793
0.000151572
6.36685e-005
5.84347e-005
9.30791e-005
0.000107545
7.28176e-005
4.15571e-005
7.25005e-005
0.000129555
1
0.999019
0.999898
1
0.999999
1
0.999984
1
0.000394848
0.209641
0.772869
0.999998
0.999637
0.968008
0.400004
0.57057
8.23494e-011
0.0119497
0.000859946
1.15299e-014
5.7937e-006
6.12229e-006
5.88177e-008
1.15958e-013
0.0153356
0.090792
0.00250027
2.88069e-014
0.00307513
0.00919331
0.00124103
8.98693e-009
3.22323e-006
0.462058
0.180696
7.13929e-011
0.0189816
0.000232082
5.19553e-006
5.2134e-008
0.999928
0.99699
0.087595
5.65948e-010
0.347333
0.255271
5.17423e-005
1.64137e-006
