0.5146
0.826441
0.999921
0.999999
0.592217
0.400955
0.990493
1
1
1
0.999901
0.999996
0.749787
0.337653
0.414881
0.999764
1.70065e-005
1.10122e-005
1.19332e-005
1.88513e-005
6.6579e-006
7.26511e-006
1.03182e-005
8.17226e-006
4.64232e-006
3.64991e-006
5.05319e-006
5.6014e-006
5.7843e-006
3.06008e-006
3.77214e-006
7.58317e-006
0.361001
0.959031
0.096983
3.83361e-013
0.17511
0.36712
0.00478445
1.24472e-009
7.16446e-006
0.0561316
0.00680524
4.48131e-009
0.737948
0.972611
0.666258
4.98338e-009
5.93338e-005
4.33811e-005
3.65903e-005
5.81907e-005
2.00507e-005
2.27489e-005
2.65634e-005
2.1965e-005
1.90429e-005
1.61433e-005
1.54091e-005
1.55151e-005
2.17789e-005
1.02968e-005
9.44432e-006
1.37731e-005
5.34297e-005
5.17484e-006
0.0348431
0.17897
0.0974832
0.0147765
0.475365
0.126265
0.00324655
0.000577834
0.594309
0.626537
3.99089e-006
0.22501
0.999585
0.998732
1
1
0.999997
1
1
1
1
1
0.986005
0.879948
0.909582
1
0.999999
0.722581
0.336772
0.999971
4.91428e-005
0.000697664
0.995709
0.999993
0.0884556
0.0209234
0.868593
0.99999
0.843626
0.699666
0.999217
0.999977
0.00777349
0.000286365
0.501156
1
0.527807
0.215887
1.08825e-006
0.217117
7.38631e-007
3.47908e-006
3.36412e-008
0.00066127
0.0319124
3.1567e-005
1.26043e-009
6.94344e-006
0.582565
0.000630638
8.96024e-012
5.04645e-011
1
0.999958
0.478761
0.00284901
0.838833
0.999994
0.96283
0.0238568
9.23424e-006
0.226831
0.999198
0.979201
0.997793
1
0.999999
0.557508
0.962567
0.23783
0.0669421
0.979092
0.99785
0.998774
0.73272
0.829115
2.73294e-008
0.057505
0.997022
0.977977
0.807416
0.936865
0.999682
0.724432
2.39043e-005
2.25793e-005
3.23712e-005
3.98831e-005
1.66667e-005
2.0871e-005
2.09422e-005
1.69728e-005
1.14106e-005
1.36945e-005
2.05374e-005
1.2302e-005
1.4436e-005
1.17038e-005
1.49131e-005
1.57088e-005
0.015548
0.00160406
0.206279
0.999985
0.00111207
2.56901e-007
0.0100216
0.983958
0.999558
0.257673
0.130184
0.848499
0.260788
0.00803801
5.30569e-005
0.96046
0.000152671
9.9549e-005
0.000119383
0.000181042
7.90172e-005
7.24242e-005
0.000111825
9.83577e-005
6.74802e-005
5.5917e-005
7.56832e-005
8.26803e-005
8.57036e-005
4.15921e-005
5.9088e-005
0.000107683
1
0.994815
0.974541
1
0.999992
0.999994
0.99988
0.999999
2.30724e-005
0.0151802
0.707878
0.999982
0.999016
0.928376
0.28081
0.494905
1.81451e-009
0.0188038
0.000348856
7.6765e-014
5.95214e-006
7.20352e-006
2.69566e-008
3.31899e-013
0.0336405
0.200796
0.0169296
1.31004e-013
0.0137222
0.0180712
0.00916549
6.93832e-009
4.92328e-006
0.451819
0.23944
4.16199e-010
0.0233129
0.00543752
2.71054e-005
2.45162e-008
0.999991
0.999917
0.317928
2.13498e-010
0.482277
0.326994
0.000804025
6.71828e-008
