0.371956
0.659211
0.999689
1
0.619194
0.492929
0.977112
1
1
1
0.999913
0.999974
0.754071
0.314746
0.472828
0.999974
1.45789e-005
9.83713e-006
1.22951e-005
1.59691e-005
6.48377e-006
6.87926e-006
9.1121e-006
6.9032e-006
5.56258e-006
3.74526e-006
4.30208e-006
5.6179e-006
7.79371e-006
4.04082e-006
3.59944e-006
7.69207e-006
0.460333
0.889424
0.098936
1.19708e-012
0.176362
0.335887
0.0209782
2.34151e-009
3.21315e-006
0.105128
0.0214944
1.73599e-008
0.747745
0.994554
0.830193
2.04564e-008
5.1839e-005
3.93143e-005
3.77334e-005
4.55249e-005
1.88838e-005
2.18066e-005
2.29819e-005
1.90383e-005
2.20148e-005
1.76578e-005
1.34303e-005
1.52155e-005
2.86496e-005
1.35951e-005
9.91472e-006
1.50859e-005
0.000143098
9.06753e-006
0.0672513
0.3202
0.116652
0.00874969
0.466646
0.166405
0.000360255
0.000331021
0.531677
0.7187
5.35258e-007
0.0173599
0.998747
0.999601
1
1
0.999991
1
1
1
1
1
0.970278
0.931967
0.842884
1
1
0.939016
0.255475
0.999785
0.000250911
0.00102341
0.942721
0.999994
0.209018
0.019025
0.846988
0.999997
0.678544
0.615238
0.996078
0.999994
0.00295661
6.70963e-005
0.500142
1
0.5023
0.186058
8.48806e-007
0.016132
2.01331e-007
1.25444e-006
1.16672e-008
0.000295076
0.184319
0.000449271
5.51196e-009
1.54548e-006
0.841882
0.00690718
1.83146e-010
8.89815e-012
1
0.999843
0.435998
0.00194349
0.75421
0.999891
0.993058
0.0690941
2.09248e-007
0.0144835
0.994424
0.994084
0.976729
1
0.999999
0.502019
0.963122
0.270555
0.0126231
0.947671
0.854944
0.994538
0.76167
0.8057
3.44667e-010
0.00266513
0.937952
0.996503
0.958313
0.957961
0.990265
0.535734
2.18011e-005
2.19625e-005
3.26685e-005
3.35338e-005
1.5988e-005
1.98686e-005
1.9423e-005
1.52559e-005
1.21182e-005
1.35256e-005
1.80293e-005
1.36137e-005
1.74606e-005
1.40471e-005
1.42499e-005
1.65699e-005
0.00151149
0.000911677
0.130504
0.999983
0.0241263
1.06801e-007
0.000795056
0.942086
0.999996
0.363253
0.0911902
0.738529
0.256842
0.00193411
3.97548e-005
0.93069
0.00013254
9.15788e-005
0.000121262
0.000154556
7.5782e-005
6.89839e-005
0.000101503
8.57426e-005
7.69127e-005
5.86799e-005
6.71436e-005
8.23964e-005
0.000101548
4.85774e-005
5.71278e-005
0.000107118
1
0.994638
0.922813
0.999999
0.999797
0.999932
0.999633
0.999995
5.49766e-006
0.000487575
0.483631
0.999971
0.999938
0.958423
0.179818
0.466113
2.51497e-009
0.00310169
0.000528532
5.87028e-014
4.24689e-005
8.74964e-005
1.30728e-007
2.74699e-013
0.0766523
0.376471
0.166562
4.17581e-013
0.0245919
0.0391741
0.0193764
1.09862e-008
2.47195e-006
0.319734
0.259162
1.20086e-009
0.184242
0.139637
6.87314e-005
3.20783e-008
0.999992
0.999999
0.48195
5.3729e-011
0.570715
0.31378
0.00605822
1.32739e-006
