0.500444
0.901269
0.999876
0.999999
0.617284
0.332143
0.96648
1
1
0.999999
0.999894
0.99999
0.763075
0.455264
0.479081
0.999955
1.36292e-005
9.37306e-006
1.26796e-005
1.95979e-005
6.69164e-006
7.15981e-006
9.70405e-006
7.61154e-006
4.76029e-006
3.31457e-006
4.16703e-006
5.62606e-006
5.9238e-006
3.23654e-006
3.50683e-006
7.78522e-006
0.271961
0.762091
0.123159
1.54326e-012
0.184232
0.287206
0.0680985
1.21521e-009
1.47049e-006
0.0662055
0.0383482
1.0695e-008
0.73078
0.899166
0.822472
2.95188e-008
5.02336e-005
3.94161e-005
3.99475e-005
5.46825e-005
1.90791e-005
2.1939e-005
2.44325e-005
2.04635e-005
1.84486e-005
1.55228e-005
1.30051e-005
1.53669e-005
2.16312e-005
1.10179e-005
9.10771e-006
1.47135e-005
5.5164e-005
7.72076e-006
0.0600333
0.215621
0.158429
0.0179326
0.558011
0.172042
0.0070248
0.00561038
0.556939
0.724784
7.43732e-006
0.0386619
0.999283
0.999668
1
1
0.999983
1
1
1
1
1
0.980749
0.940266
0.802229
1
1
0.904789
0.17584
0.999832
4.38856e-005
0.000991677
0.982027
0.999992
0.189799
0.000972139
0.695404
0.999997
0.643209
0.647431
0.996286
0.999993
0.00532845
0.00119934
0.500732
1
0.505781
0.166116
1.89559e-006
0.127872
6.06765e-007
6.56541e-006
1.67416e-008
0.000221847
0.00951141
1.67719e-005
3.2601e-009
1.42914e-006
0.549006
0.000530249
1.35075e-010
8.30246e-012
0.999999
0.999503
0.438044
0.00270406
0.771089
0.999996
0.991837
0.0865906
1.72705e-005
0.242289
0.999238
0.993562
0.900474
0.999999
0.999998
0.503859
0.837143
0.213789
0.0676827
0.972674
0.998279
0.999502
0.842902
0.915006
7.19419e-008
0.050841
0.980116
0.994132
0.67362
0.868806
0.992572
0.569027
2.0864e-005
2.01529e-005
3.48633e-005
3.90912e-005
1.63984e-005
2.04014e-005
1.96163e-005
1.65732e-005
1.02019e-005
1.21995e-005
1.84432e-005
1.31993e-005
1.3737e-005
1.17101e-005
1.40523e-005
1.70395e-005
0.00433436
0.0154831
0.298748
0.999986
0.00139713
3.90957e-007
0.00136119
0.939703
0.999921
0.278702
0.0566268
0.859543
0.258294
0.0109901
6.68198e-005
0.943541
0.000132634
8.92864e-005
0.000126831
0.000181353
7.7454e-005
6.95279e-005
0.000102855
9.2654e-005
6.54064e-005
5.47073e-005
6.76387e-005
8.30939e-005
8.26595e-005
4.18042e-005
5.49754e-005
0.000108995
1
0.997884
0.954035
1
0.999995
0.999998
0.999893
0.999999
0.000169581
0.0226923
0.488013
0.999915
0.99922
0.949521
0.19282
0.466957
5.05228e-009
0.0276306
0.00248487
1.65384e-013
4.28892e-006
1.26178e-005
1.43896e-007
1.51033e-013
0.0208649
0.15288
0.160531
4.61288e-013
0.0198302
0.020895
0.0384095
1.59846e-008
2.50587e-005
0.428525
0.27735
5.88339e-010
0.015286
0.00414283
6.69556e-005
4.59633e-009
0.999913
0.99996
0.440958
4.42899e-011
0.743369
0.401551
0.0209932
3.33678e-007
