0.429385
0.749334
0.999434
0.999999
0.564952
0.364072
0.984257
1
1
1
0.999883
0.999979
0.819972
0.378756
0.466186
0.999947
1.63951e-005
1.10605e-005
1.32921e-005
2.09145e-005
7.10149e-006
7.17213e-006
1.00833e-005
8.00466e-006
5.6749e-006
3.75776e-006
4.38526e-006
5.4458e-006
7.23065e-006
3.66482e-006
3.66323e-006
7.81932e-006
0.395709
0.918912
0.146186
9.68414e-013
0.21812
0.388182
0.0441126
8.64532e-010
5.44763e-007
0.0741403
0.0405903
1.29108e-008
0.744217
0.972862
0.831271
3.16605e-008
5.96853e-005
4.35785e-005
4.10317e-005
6.06559e-005
2.07111e-005
2.26465e-005
2.57687e-005
2.15467e-005
2.14845e-005
1.74446e-005
1.3654e-005
1.49171e-005
2.66553e-005
1.21601e-005
9.67329e-006
1.46439e-005
2.32046e-005
6.30011e-006
0.0597954
0.177577
0.166781
0.00890941
0.505908
0.146375
0.00182161
0.000594352
0.529902
0.722357
1.17372e-006
0.0187513
0.999111
0.999614
1
1
0.999998
1
1
1
1
1
0.985255
0.921394
0.829777
1
0.999999
0.898823
0.226738
0.999756
9.0236e-006
0.000690016
0.987028
0.999976
0.124207
0.00427479
0.761856
0.999996
0.722491
0.612638
0.995337
0.99999
0.00383458
0.000202404
0.500197
1
0.577098
0.231708
2.68432e-006
0.209807
6.53828e-007
4.81081e-006
2.00699e-008
0.000332183
0.0390545
7.38897e-005
4.01538e-009
1.84201e-006
0.761185
0.00343603
1.3843e-010
6.08295e-012
1
0.99996
0.524764
0.00833366
0.825205
0.999993
0.989192
0.0792631
2.36474e-006
0.107002
0.998656
0.991166
0.886353
1
0.999998
0.503286
0.960139
0.245096
0.173882
0.993478
0.998028
0.998842
0.869544
0.929112
1.13755e-008
0.0163005
0.966806
0.99515
0.849964
0.963192
0.991102
0.529591
2.42796e-005
2.20356e-005
3.49706e-005
4.15618e-005
1.78401e-005
2.13417e-005
2.06823e-005
1.69737e-005
1.26548e-005
1.38042e-005
1.89234e-005
1.29911e-005
1.6742e-005
1.29711e-005
1.43455e-005
1.6691e-005
0.00772981
0.00436499
0.241404
0.999932
0.000734814
3.05677e-007
0.00163928
0.975647
0.999966
0.345541
0.0632872
0.759281
0.275577
0.00445606
5.31062e-005
0.911468
0.000157081
9.8936e-005
0.000130502
0.000187809
8.21935e-005
7.38563e-005
0.000107416
9.75616e-005
7.67189e-005
5.85867e-005
6.91911e-005
8.19197e-005
9.87569e-005
4.48482e-005
5.7427e-005
0.00010795
1
0.999294
0.991258
1
0.999996
0.999989
0.999877
0.999999
7.33353e-005
0.00604387
0.512495
0.999968
0.999574
0.946459
0.155318
0.474502
2.15496e-009
0.0140797
0.000344137
4.51534e-014
3.81911e-006
2.5209e-005
1.02753e-007
1.2577e-013
0.0264989
0.210552
0.174237
3.66947e-013
0.0642285
0.0386849
0.033535
2.81287e-008
6.7769e-006
0.398555
0.161924
2.47432e-010
0.0117173
0.0150173
8.63294e-005
4.1392e-009
0.999981
0.999984
0.472042
5.54562e-011
0.807136
0.306588
0.00737699
5.51778e-007
