0.354457
0.496537
0.117166
0.0280486
0.876179
0.999945
0.93184
0.563178
1
0.847731
0.437464
0.874441
1
0.834559
0.00666172
0.00119963
5.80839e-006
2.578e-006
8.20278e-007
4.00613e-007
4.64669e-006
2.86553e-006
8.23356e-007
4.22343e-007
5.8984e-006
2.20944e-006
8.9161e-007
5.61219e-007
1.34972e-005
2.07217e-006
8.56096e-007
5.21545e-007
0.0162503
0.802859
0.655598
0.308012
3.6357e-007
0.442467
0.37003
0.0215691
3.0193e-005
0.356218
0.211653
0.000225031
0.738188
0.957828
0.985868
0.515663
9.8648e-006
5.56046e-006
1.72339e-006
1.03826e-006
7.69843e-006
7.0881e-006
1.76815e-006
9.11167e-007
1.19378e-005
6.68812e-006
2.68696e-006
1.53539e-006
4.32175e-005
6.23132e-006
2.10306e-006
1.25656e-006
1
0.999987
1
1
0.99998
0.99955
1
1
0.724838
0.81419
1
1
0.0670654
0.718766
1
1
6.2867e-006
1.59959e-008
3.71372e-012
6.02527e-013
0.0314463
0.00158013
3.32742e-008
7.76065e-009
0.0636986
0.0434031
1.39173e-008
1.11131e-010
0.205901
0.00570848
4.3079e-008
3.83689e-009
0.182174
0.00520228
0.991087
0.995524
0.745141
5.37943e-005
0.754808
0.760456
0.999978
0.0516395
0.505625
0.770362
0.303974
0.00207802
0.603123
0.383793
1.12234e-010
6.35544e-012
9.19803e-014
2.37473e-014
1.79508e-011
6.75186e-012
7.02538e-014
4.97696e-014
9.99729e-009
7.09885e-012
3.06974e-013
2.38779e-014
0.241755
4.04825e-007
8.40445e-014
1.00157e-014
0.587267
0.32057
0.0584602
0.660219
0.0304614
0.219447
0.47047
0.672696
0.00449467
0.998604
0.999039
0.750496
0.000281832
0.751971
0.998073
1
0.41219
0.00210149
0.000755279
0.206527
0.0444152
0.000150798
0.0590236
0.0103711
0.00106811
0.320615
0.200469
0.00790783
2.52323e-005
0.550458
0.9998
0.999614
1.57611e-005
1.02019e-005
3.73778e-006
2.30891e-006
1.12988e-005
9.22121e-006
4.65165e-006
2.10983e-006
1.41757e-005
8.31205e-006
4.49506e-006
2.59686e-006
3.40289e-005
1.0935e-005
6.00501e-006
2.63553e-006
0.996268
0.395141
0.506575
0.674919
1
0.718421
0.501895
0.513473
1
0.249754
0.184424
0.989779
0.766578
0.000338294
1.15505e-006
0.0181905
0.0001019
5.89459e-005
3.58864e-005
2.04122e-005
9.08583e-005
5.58817e-005
2.4397e-005
1.71328e-005
8.12127e-005
4.28209e-005
2.38613e-005
1.878e-005
0.000112954
4.0036e-005
2.7119e-005
2.18056e-005
0.087021
0.0831956
7.56806e-006
0.000316679
0.000636876
0.045698
0.00232717
2.04663e-005
0.000993934
0.320437
0.0027431
1.53876e-006
1.84694e-006
0.319457
0.454619
0.00975406
0.183599
0.993806
0.999982
0.974886
0.0410099
0.24148
0.501349
0.52339
0.716323
0.00271611
0.182266
0.242749
0.999071
0.534556
0.597823
0.0236165
0.00200554
0.986765
0.419702
0.097656
2.56629e-005
0.95386
0.674315
0.367677
0.62685
0.890688
0.317765
0.24138
1
0.999796
0.477897
5.01549e-005
