0.0776605
0.430617
0.0259996
6.08237e-005
0.740051
0.999984
0.518959
4.15984e-005
0.999359
0.496197
0.00269887
2.319e-005
1
0.777026
0.0548956
1.8137e-006
3.34517e-006
1.77678e-006
5.45989e-007
1.99678e-007
2.74853e-006
2.46833e-006
6.46397e-007
1.81956e-007
3.83742e-006
2.0987e-006
5.70696e-007
1.86266e-007
7.43391e-006
2.5648e-006
6.92761e-007
2.61175e-007
0.358783
0.690514
0.999695
0.682706
8.96052e-005
0.0137796
0.968024
0.995921
0.272729
0.390197
0.927392
0.904866
0.904747
0.504789
0.999294
0.949082
7.26106e-006
4.49648e-006
1.17685e-006
4.26789e-007
4.55436e-006
5.56347e-006
1.66221e-006
4.36447e-007
7.13294e-006
5.05203e-006
1.52847e-006
4.215e-007
2.14796e-005
7.39976e-006
1.51353e-006
5.26119e-007
0.999999
0.999987
1
1
1
0.999941
1
1
0.999966
0.999699
1
1
0.672721
0.999913
1
1
0.478127
0.00992824
3.73678e-013
4.31898e-017
1.49091e-005
0.000746213
2.68178e-011
1.71191e-016
3.0233e-005
0.0145255
2.35345e-010
2.63823e-018
1.94536e-006
0.000272089
5.61616e-010
4.4032e-017
0.343013
0.000809583
0.00763221
0.994854
1
0.114887
0.0269372
0.812301
0.999994
0.498941
1.78332e-006
0.484505
0.437575
0.511404
0.35418
0.575531
1.67583e-011
8.64943e-013
4.69634e-014
3.09664e-015
7.69844e-013
4.18642e-012
9.32867e-014
6.92428e-016
1.78148e-009
8.37593e-013
5.69135e-013
3.04091e-014
0.17259
4.83861e-010
1.55661e-013
1.15056e-013
0.999926
0.767667
0.738715
0.91774
0.0321702
0.275925
0.733925
0.997262
0.355251
0.999999
1
0.999706
4.50221e-005
0.279847
0.521401
0.932804
0.73212
0.322147
0.00699738
0.313641
0.00187606
2.24734e-006
0.0286364
0.634032
0.491703
0.782834
0.492556
0.194567
0.0177587
0.428025
0.49904
0.318091
1.05144e-005
7.1364e-006
3.09114e-006
1.32703e-006
7.94833e-006
6.40738e-006
3.39889e-006
1.39613e-006
1.3892e-005
8.25553e-006
2.42177e-006
1.19539e-006
3.03964e-005
1.25158e-005
4.29494e-006
1.54025e-006
0.428922
0.220473
0.00691512
0.816452
1
0.829072
0.13041
0.00923484
0.999977
0.493472
9.89045e-005
0.147677
0.812906
0.473719
4.89413e-005
0.0095537
7.39153e-005
4.36893e-005
2.80524e-005
1.527e-005
6.85004e-005
5.06787e-005
1.87604e-005
1.28001e-005
6.77216e-005
6.04551e-005
1.96171e-005
1.16348e-005
7.77329e-005
5.61383e-005
2.92313e-005
1.56238e-005
0.499039
0.488768
0.0018578
8.14101e-007
4.06945e-007
0.00058283
0.00315543
0.000278028
0.000289336
0.272621
0.00245989
8.95471e-006
3.4281e-006
0.17487
0.0180446
1.85296e-005
0.0776618
0.465808
0.999891
0.998616
0.496004
0.124828
0.730629
0.998808
0.744161
0.0164855
0.648367
0.999902
1
0.726199
0.97618
0.999895
7.14629e-010
0.502551
0.998924
0.146983
4.24432e-007
0.519708
0.999971
0.465776
0.462326
0.0240135
0.528257
0.402938
1
0.792266
0.980014
0.451891
