0.305735
0.486198
0.00193978
0.00223718
0.83019
0.999788
0.505192
0.290199
0.999999
0.746842
0.471924
0.993994
0.999999
0.508691
0.00022319
0.00231763
1.99064e-006
1.22752e-006
4.45849e-007
2.37588e-007
2.36738e-006
1.91137e-006
5.60274e-007
3.2522e-007
3.1851e-006
1.5882e-006
6.06323e-007
5.07572e-007
6.52947e-006
1.46537e-006
6.10889e-007
5.34558e-007
0.001031
0.651545
0.827622
0.10096
4.78752e-008
0.427978
0.955659
0.208695
1.3848e-005
0.209341
0.226759
0.000314391
0.552621
0.902999
0.960071
0.46244
3.27098e-006
2.33307e-006
8.57699e-007
5.10808e-007
3.55931e-006
4.44942e-006
1.23642e-006
7.19352e-007
5.92371e-006
5.09931e-006
1.61411e-006
1.273e-006
1.98097e-005
4.14045e-006
1.40578e-006
1.21182e-006
1
1
1
1
1
0.999993
1
1
0.997364
0.999438
1
1
0.34575
0.993721
1
1
1.63752e-009
4.87437e-011
1.28032e-015
1.86362e-016
2.03726e-005
9.33438e-006
6.62304e-012
1.75088e-012
0.000572227
0.00365534
1.13951e-010
1.50862e-013
0.00029593
0.00597274
2.0181e-008
9.18793e-009
0.518364
0.0941277
0.97706
0.962313
0.937111
0.000398718
0.708191
0.998499
0.999999
0.383968
0.22452
0.999791
0.458926
0.126635
0.36333
0.680019
3.92303e-012
3.87633e-013
2.1661e-014
1.25818e-014
9.43233e-013
2.45093e-012
8.14645e-014
6.18023e-016
9.44041e-011
4.51257e-012
1.59007e-012
1.3058e-013
0.00694441
2.25583e-011
4.08684e-014
4.43773e-014
0.526317
0.134622
0.266037
0.800406
0.00274504
0.00342594
0.353722
0.500788
0.0273701
0.99693
0.819592
0.328105
0.16971
0.770525
0.999862
1
0.256442
0.000399904
0.0479519
0.121316
0.000608438
7.59235e-006
0.249454
0.457634
0.0798729
0.475601
0.129091
6.80164e-006
0.240671
0.742743
0.999659
0.999834
7.11362e-006
5.41524e-006
2.2879e-006
1.26242e-006
6.06363e-006
6.48608e-006
3.40118e-006
2.12181e-006
9.74894e-006
6.32536e-006
2.58836e-006
2.30389e-006
2.03804e-005
8.93806e-006
3.95101e-006
2.85244e-006
0.99967
0.620158
0.780409
0.997436
1
0.620979
0.122331
0.250825
1
0.493725
0.431885
0.999996
0.697134
0.000111197
5.2173e-007
0.235082
4.98783e-005
3.89571e-005
2.56364e-005
1.57317e-005
5.89681e-005
4.54069e-005
1.87719e-005
1.71941e-005
5.80221e-005
4.24886e-005
1.79199e-005
1.81485e-005
7.00967e-005
3.79933e-005
2.32337e-005
2.16668e-005
0.0015669
0.00264349
1.92628e-006
3.35463e-007
3.61173e-007
0.00153845
0.000251035
3.31421e-005
0.000635517
0.288413
0.00136859
7.93265e-008
0.00151684
0.553155
0.384433
0.112535
0.76023
0.990059
0.999973
0.998327
0.156758
0.255557
0.817839
0.904842
0.503033
0.000444939
0.584903
0.752835
0.997092
0.493947
0.570499
0.00151698
0.00162817
0.880526
0.51687
0.00755832
4.87204e-006
0.965524
0.899719
0.126189
0.26262
0.370348
0.556223
0.433865
0.999972
0.514901
0.24049
2.31482e-007
