0.298785
0.529207
0.464882
0.633215
0.881747
0.99953
0.99837
0.509338
0.99999
0.838694
0.118561
0.181771
1
0.999664
0.268494
9.09727e-007
9.3592e-006
4.5756e-006
1.73269e-006
8.65848e-007
5.74749e-006
4.41334e-006
1.38304e-006
5.22655e-007
5.91768e-006
3.16754e-006
9.99676e-007
4.59779e-007
1.28708e-005
4.02437e-006
9.63901e-007
3.63856e-007
0.0239661
0.480601
0.98236
0.00157176
5.55662e-005
0.0882367
0.233082
0.447298
0.0439323
0.217451
0.561177
0.217101
0.589889
0.149761
0.996098
0.988341
2.22853e-005
1.11515e-005
4.20673e-006
2.37013e-006
1.04516e-005
1.29201e-005
3.64482e-006
1.45675e-006
1.18004e-005
7.16888e-006
2.95271e-006
1.31191e-006
4.0254e-005
1.2116e-005
2.53531e-006
9.31084e-007
0.954555
0.754094
1
1
0.99998
0.997206
0.999999
1
0.999001
0.99579
0.999999
1
0.244073
0.628132
0.999936
1
0.997951
0.424883
8.53255e-008
8.39797e-009
0.45137
0.335287
6.13236e-007
2.06674e-008
0.0205485
0.400654
3.40321e-006
8.74177e-012
0.00991481
0.00265168
1.41666e-008
5.13938e-012
0.372351
3.24884e-007
0.0747462
0.995045
0.999855
0.00577506
0.0933336
0.867934
0.999976
0.503061
0.00288248
0.116651
0.280237
0.359628
0.0653953
0.262476
7.54581e-009
2.37749e-009
1.6251e-012
2.33358e-014
9.78829e-013
9.2635e-012
1.28194e-013
1.71663e-015
7.69854e-009
9.25772e-013
6.23461e-013
2.47642e-014
0.238622
2.99661e-006
1.05176e-011
2.22477e-014
1
0.999738
0.764077
0.96849
0.710642
0.772827
0.735287
0.99897
0.228394
0.999932
1
1
7.52437e-007
0.261362
0.750134
0.999991
0.958607
0.365655
0.228545
0.437297
0.729695
0.00364383
0.290768
0.950207
0.213222
0.887877
0.830615
0.71019
5.37471e-007
0.188985
0.739276
0.998013
2.24331e-005
1.31179e-005
7.87949e-006
4.58764e-006
1.65252e-005
1.15287e-005
6.47134e-006
3.50767e-006
1.76351e-005
1.29728e-005
4.6898e-006
2.47116e-006
3.44923e-005
1.64269e-005
6.83777e-006
2.44496e-006
0.371687
0.00355754
0.00164222
0.99889
0.999993
0.498087
0.000723835
0.0423514
0.999999
0.475285
0.000144716
0.00773252
0.942732
0.498894
5.61574e-005
8.76036e-006
0.000131637
6.80535e-005
4.37311e-005
3.28474e-005
0.000106422
7.0048e-005
2.68139e-005
1.93869e-005
8.28152e-005
6.99551e-005
2.76769e-005
1.55355e-005
0.000107475
5.84621e-005
3.31836e-005
1.78397e-005
0.727535
0.90999
0.316489
0.00082536
0.02629
0.200591
0.0220907
0.00634607
0.000513549
0.516728
0.250294
5.45789e-005
1.10702e-008
0.0532963
0.0830635
0.0199376
9.01457e-008
0.177959
0.968932
0.439111
0.190183
6.69456e-005
0.0139931
0.0267562
0.726973
0.000475645
0.163388
0.419257
0.999997
0.603187
0.988215
0.817912
7.1493e-011
0.574445
0.748688
0.00847637
5.252e-009
0.490001
0.923587
0.183399
0.560276
0.0412746
0.567721
0.00737804
1
0.999655
0.933407
0.225897
