0.683627
0.596473
0.0235254
0.0364783
0.992209
0.999992
0.8432
0.469236
1
0.99191
0.575507
0.92498
1
0.676685
0.000837788
0.000127964
5.63264e-006
4.05108e-006
1.06481e-006
3.99143e-007
5.84103e-006
4.76838e-006
1.30983e-006
4.32042e-007
1.03194e-005
4.67712e-006
1.43526e-006
5.84369e-007
2.30183e-005
4.45943e-006
1.12692e-006
4.68827e-007
0.0022227
0.348182
0.997778
0.424717
2.57293e-006
0.0452171
0.935745
0.0625758
1.74614e-005
0.437841
0.632757
0.00213132
0.692775
0.831268
0.998519
0.506391
1.15006e-005
1.03178e-005
2.33864e-006
1.06705e-006
8.96565e-006
1.14391e-005
2.39997e-006
9.14161e-007
2.01048e-005
1.38268e-005
4.34189e-006
1.69264e-006
6.60751e-005
1.11565e-005
2.70507e-006
1.17637e-006
0.999999
0.99981
1
1
0.999988
0.99086
1
1
0.542821
0.326288
0.999992
1
0.0134976
0.524511
0.999997
1
0.0312759
0.0559453
3.61393e-011
5.17559e-013
0.116834
0.156864
8.25431e-008
1.69496e-009
0.23107
0.453423
5.31486e-007
4.87653e-011
0.650566
0.300336
6.01398e-006
4.63861e-009
0.527086
0.0146148
0.047778
0.970051
0.997389
0.0111861
0.0545938
0.817103
1
0.4031
0.151603
0.742905
0.353411
0.000670749
0.0235473
0.115254
1.82783e-011
5.22281e-011
1.38372e-012
2.13389e-014
3.33584e-012
7.48436e-011
7.92998e-013
1.06863e-013
1.54123e-006
1.77583e-010
4.47348e-012
3.28004e-014
0.252763
3.41338e-007
1.97773e-013
3.14992e-014
0.996294
0.703596
0.510306
0.722053
0.0374014
0.00733609
0.541694
0.634859
1.51294e-005
0.818955
0.997637
0.593098
0.00187739
0.887994
0.999985
1
0.638135
0.252371
0.00543907
0.234025
0.00658695
9.40721e-006
0.0264065
0.00545572
3.30643e-005
0.199967
0.0843291
0.00536254
0.00446844
0.738669
0.999952
0.999861
1.56539e-005
1.45997e-005
4.45235e-006
2.35098e-006
1.33779e-005
1.46067e-005
5.58392e-006
2.33906e-006
2.6129e-005
1.56714e-005
6.14008e-006
2.8885e-006
5.34407e-005
1.64922e-005
7.56614e-006
2.59197e-006
0.90926
0.296424
0.175034
0.530336
1
0.618572
0.334759
0.513313
1
0.498311
0.00558353
0.938147
0.543838
0.00345823
1.34215e-008
0.00652155
9.00665e-005
6.87753e-005
3.68935e-005
1.89819e-005
0.000102084
8.10357e-005
2.88554e-005
1.76747e-005
0.000120957
7.47983e-005
3.0482e-005
1.82855e-005
0.000153818
6.32397e-005
3.24171e-005
1.99299e-005
0.187931
0.622808
0.00496609
0.000105131
1.20862e-005
0.126597
0.00725981
2.83759e-005
0.000177154
0.537817
0.0148997
3.7118e-006
0.000161278
0.797734
0.780238
0.106532
0.000235803
0.457717
0.999906
0.928864
0.224884
0.151854
0.514003
0.579168
0.587452
6.93719e-005
0.288799
0.251705
0.996762
0.472268
0.432919
0.0213467
1.81897e-007
0.517082
0.996386
0.198068
5.67662e-007
0.79702
0.997884
0.890579
0.707485
0.773901
0.935423
0.335545
0.999991
0.987202
0.449761
2.78257e-005
