0.352231
0.50907
0.0483782
0.00252133
0.813818
0.99999
0.73823
0.382281
0.999949
0.909431
0.758088
0.950901
1
0.828133
0.0125301
0.000781957
2.69357e-006
1.92694e-006
8.54372e-007
4.86255e-007
2.47491e-006
2.29319e-006
8.02499e-007
3.81069e-007
4.02938e-006
2.37941e-006
9.54142e-007
4.8754e-007
1.02823e-005
2.21015e-006
8.01564e-007
3.99916e-007
0.260755
0.394819
0.919223
0.0472846
4.47399e-006
0.0174345
0.913358
0.185242
0.14013
0.00200728
0.0760523
6.08794e-005
0.758575
0.37626
0.949741
0.501951
4.8957e-006
3.93795e-006
2.22433e-006
1.63091e-006
4.35338e-006
6.13959e-006
1.82208e-006
8.70091e-007
8.14513e-006
6.17569e-006
2.6222e-006
1.34177e-006
3.11518e-005
5.78422e-006
2.08017e-006
1.15865e-006
1
1
1
1
1
0.999997
1
1
0.987227
0.998331
1
1
0.251309
0.983137
1
1
1.04297e-007
6.7753e-008
4.07091e-011
3.71718e-008
3.00377e-005
0.000112589
6.41461e-009
5.70174e-011
0.00101649
0.0193042
4.10904e-008
2.41136e-012
0.000512679
0.00378638
7.95752e-006
1.05729e-008
0.595085
0.62288
0.715948
0.942089
0.996885
0.0270811
0.306139
0.915364
0.999998
0.478887
0.090587
0.732808
0.299088
0.366367
0.234696
0.0392748
6.11179e-012
1.12992e-012
2.41893e-014
5.56166e-015
3.13032e-012
1.04228e-012
3.52987e-014
5.93635e-015
8.71093e-010
4.37205e-012
2.56485e-012
7.88489e-014
0.173581
1.08779e-009
1.68594e-014
1.0826e-014
0.639986
0.285702
0.657055
0.999971
0.0209119
0.0391351
0.475547
0.490449
0.0216881
0.989964
0.968949
0.50083
9.82161e-005
0.675455
0.999938
1
0.402229
0.00474894
0.0716477
0.890372
0.00134847
5.26653e-005
0.223953
0.269055
0.00324139
0.365221
0.0276976
0.00385866
0.000904667
0.722453
0.999914
0.99989
8.80494e-006
8.86417e-006
4.1765e-006
3.37937e-006
6.96213e-006
8.43057e-006
4.37212e-006
2.38257e-006
1.31896e-005
8.34792e-006
3.47902e-006
2.34668e-006
2.86771e-005
1.15022e-005
5.60995e-006
2.32319e-006
0.638151
0.661374
0.46372
0.52105
1
0.757713
0.247183
0.0314254
0.999994
0.532665
0.327638
0.998594
0.708172
0.119571
1.5368e-007
0.000904504
6.69907e-005
5.03172e-005
3.55613e-005
2.43766e-005
6.20838e-005
4.76732e-005
2.37225e-005
1.69565e-005
7.06199e-005
5.66078e-005
2.28664e-005
1.63419e-005
9.04727e-005
4.31138e-005
2.70895e-005
1.7173e-005
0.0119559
0.00316753
1.84e-005
0.280773
2.60078e-006
0.00507006
0.00084897
0.000123793
6.3269e-005
0.149822
0.000610488
5.01776e-005
6.68138e-007
0.389483
0.484558
0.0555368
0.617218
0.895584
0.970771
0.498885
0.447184
0.12573
0.517972
0.73843
0.723737
0.00010953
0.378726
0.635383
0.999983
0.406786
0.199202
0.00351749
0.000189183
0.710829
0.419167
0.000818665
6.03974e-007
0.530624
0.992969
0.523656
0.609605
0.248106
0.730863
0.587584
1
0.665649
0.17173
0.00015598
