0.965878
0.522471
0.000554241
0.0024178
0.999856
0.998991
0.308266
1.00814e-005
0.999967
0.423804
0.00482062
0.000112507
0.999106
0.309218
0.438726
0.480659
2.8361e-006
2.57103e-006
6.62091e-007
3.38815e-007
3.9552e-006
2.71966e-006
5.86448e-007
2.08894e-007
4.79278e-006
2.06236e-006
5.11921e-007
1.65911e-007
7.32027e-006
1.77432e-006
7.8989e-007
3.35082e-007
8.22808e-007
0.496447
0.999913
0.710343
1.29501e-008
0.424986
0.997692
0.837672
0.00172067
0.77892
0.97942
0.949652
0.968992
0.999462
0.866451
0.463102
4.97279e-006
6.9195e-006
1.2309e-006
8.10804e-007
6.40462e-006
6.52693e-006
1.09872e-006
4.68738e-007
1.10122e-005
7.09233e-006
1.58096e-006
4.35027e-007
2.14185e-005
3.87913e-006
1.34129e-006
5.10071e-007
1
0.999995
1
1
0.999993
0.998396
1
1
0.961188
0.976257
1
1
0.365497
0.999309
1
1
2.51262e-006
1.10963e-005
1.27198e-012
1.28929e-012
0.0073043
0.00350496
1.21135e-011
4.71399e-016
0.0149767
0.00298393
7.2688e-011
2.8723e-016
0.00177393
0.000117719
1.21075e-009
2.47953e-014
0.6338
0.0554506
0.23765
0.990283
0.998225
0.0002303
0.199839
0.745458
0.999019
0.0025046
0.000100953
0.488855
0.0583189
0.0801594
0.344534
0.574978
7.98398e-012
3.02779e-011
2.48533e-013
8.29188e-016
6.51428e-012
3.12684e-011
2.38227e-013
7.14504e-015
9.29401e-009
3.76306e-012
4.12213e-014
1.59554e-016
0.00733103
1.30456e-010
6.74663e-014
2.70309e-013
0.34771
0.49864
0.591045
0.930047
0.00527753
0.217844
0.735543
0.9999
0.331338
0.999986
1
0.999874
0.260072
0.65381
0.500105
0.499882
0.144179
0.451394
0.235711
0.650376
0.000722732
0.000222173
0.216992
0.671825
0.330209
0.873801
0.603487
0.510241
0.253288
0.556534
0.466794
0.0205926
8.14906e-006
1.19882e-005
2.87708e-006
2.45518e-006
1.03644e-005
8.55891e-006
2.94038e-006
1.39393e-006
1.61632e-005
8.81487e-006
2.95647e-006
1.24766e-006
2.51998e-005
8.90028e-006
3.2878e-006
1.29458e-006
0.999994
0.498175
0.149575
0.435102
1
0.510436
0.292135
0.45941
0.999995
0.227272
6.31719e-006
0.0123333
0.0599761
5.98709e-006
0.00424114
0.199161
5.62047e-005
6.47288e-005
2.74194e-005
1.97194e-005
7.52699e-005
5.81403e-005
2.01005e-005
1.39392e-005
7.98125e-005
4.3633e-005
1.71599e-005
1.17714e-005
7.77943e-005
4.01873e-005
2.78412e-005
1.63784e-005
0.000148136
0.461538
0.127813
6.93579e-005
2.4269e-005
0.155178
0.0304038
0.000520484
0.15765
0.650161
0.00339384
5.00022e-005
0.202205
0.52108
0.000523912
6.71165e-008
0.0273185
0.504526
0.999993
0.904691
0.134693
0.266401
0.814466
0.998121
0.49892
0.00302335
0.654051
0.996629
0.907855
0.686041
0.986815
0.998376
0.00011789
0.742906
0.846695
0.0164139
2.92926e-005
0.985751
0.999758
0.239723
0.367731
0.406285
0.456417
0.0713682
0.999912
0.576233
0.516001
0.554643
