0.999527
0.999997
0.971614
0.560151
0.998919
0.999175
0.973498
0.203267
0.999215
0.862695
0.948604
0.120001
0.999459
0.457766
0.0223043
0.00179648
7.51904e-006
4.43701e-006
1.87316e-006
8.42689e-007
7.18615e-006
6.37849e-006
2.30594e-006
7.10869e-007
6.18513e-006
4.01745e-006
1.57585e-006
5.92055e-007
5.78292e-006
2.44733e-006
1.50252e-006
4.37069e-007
0.000149027
0.00122711
0.275267
0.767628
0.000481965
0.00111092
0.365845
0.777061
0.64026
0.00790692
0.218087
0.990966
0.999986
0.591336
0.750008
0.49794
1.29087e-005
1.12707e-005
3.12757e-006
2.02495e-006
1.43564e-005
1.55645e-005
3.90223e-006
1.63147e-006
1.74801e-005
1.14102e-005
4.6853e-006
2.07262e-006
2.07428e-005
5.95947e-006
4.47549e-006
1.19421e-006
0.999734
0.999677
0.999999
1
0.949488
0.999221
0.999373
0.999986
0.53279
0.999898
0.99999
1
0.200428
0.999787
0.999998
1
0.000849638
1.5584e-006
5.92945e-011
2.60315e-012
0.818175
0.620119
0.0190873
5.99019e-007
0.0173872
0.553627
0.00343171
4.24677e-008
5.20113e-005
0.000130598
1.06637e-006
3.1832e-012
0.262627
0.866038
0.740627
0.615288
0.702016
0.25047
0.0290682
0.0337834
0.413374
0.901776
0.000296917
0.0153823
0.0063383
0.687885
0.0880085
0.000212754
3.51155e-008
2.3508e-009
8.95684e-010
9.48143e-013
3.59048e-010
1.84516e-009
8.15811e-011
6.35847e-012
5.44475e-008
4.32165e-011
7.69595e-013
1.35828e-014
0.237271
1.05881e-010
6.02257e-013
4.34738e-014
0.00204142
3.67154e-006
1.09083e-006
0.0122028
0.438137
0.7626
0.957019
0.999822
0.642205
0.999994
1
0.999619
0.62151
0.723829
0.999997
0.999977
0.000364141
1.04574e-008
9.67156e-007
1.824e-005
0.708067
0.540156
0.468494
0.511641
0.53652
0.999156
0.785018
0.720388
0.0506936
0.99986
0.826545
0.467745
1.57333e-005
1.73863e-005
5.80875e-006
3.79462e-006
1.95718e-005
1.81252e-005
6.12674e-006
3.89822e-006
1.9478e-005
1.76318e-005
7.71062e-006
3.76528e-006
2.39878e-005
1.74306e-005
5.61825e-006
2.2684e-006
1
0.999999
0.999818
0.49986
0.998252
0.742731
0.499864
0.197379
0.590021
0.193145
0.101593
7.84949e-007
5.24107e-005
0.200692
0.0257684
0.0112371
9.25342e-005
8.15629e-005
4.03798e-005
2.42252e-005
9.98672e-005
8.76374e-005
3.1734e-005
1.95017e-005
8.84244e-005
6.06193e-005
3.38872e-005
1.92396e-005
7.57816e-005
4.8755e-005
4.64687e-005
1.88501e-005
0.000223718
0.0011184
0.000606818
2.59291e-005
0.763177
0.976275
0.69808
0.30976
0.00858412
0.342396
0.108639
0.339563
0.000212899
0.646535
0.0141868
9.79373e-005
0.479693
0.58981
0.999674
0.999695
0.0941051
3.42723e-007
0.162074
0.517319
0.738994
0.000445764
0.111834
0.239114
0.999966
0.402519
0.523125
0.547622
0.279392
0.998884
0.999421
0.986711
0.000518456
0.00261743
0.986399
0.753785
0.746518
0.000170656
0.477032
0.70289
1
0.407265
0.107834
0.163172
