0.449829
0.373474
0.263996
0.398445
0.177418
0.971547
0.964819
0.382828
0.993098
0.674156
0.298396
0.502903
1
0.722624
9.39903e-005
8.78633e-005
5.62255e-006
2.94667e-006
1.18497e-006
5.0167e-007
3.4224e-006
2.75503e-006
1.0155e-006
4.96459e-007
3.32379e-006
1.87307e-006
7.83722e-007
5.18856e-007
9.51956e-006
1.97794e-006
6.76511e-007
3.69801e-007
0.0830593
0.696368
0.83432
0.126974
1.71145e-005
0.383555
0.289615
0.355388
0.013026
0.19495
0.31867
0.0109732
0.681722
0.702434
0.9935
0.501978
1.12215e-005
7.46993e-006
2.54632e-006
1.28057e-006
6.33383e-006
7.13281e-006
2.08206e-006
1.17435e-006
6.62095e-006
5.05264e-006
2.69388e-006
1.48177e-006
2.7344e-005
5.00949e-006
1.75431e-006
8.29988e-007
0.999979
0.999968
1
1
1
0.999997
1
1
0.999778
0.999378
1
1
0.448871
0.997995
1
1
0.00435207
2.09688e-006
1.36227e-010
4.44981e-012
0.000281922
3.52456e-005
7.50068e-008
4.44377e-008
3.493e-005
9.48273e-005
1.89869e-009
1.77e-010
7.41618e-006
2.9802e-005
2.43165e-009
1.61478e-010
0.108247
0.000420419
0.686807
0.992155
0.488784
0.000118579
0.713881
0.776586
0.999896
0.459979
0.299157
0.632637
0.449172
0.275798
0.651077
0.39873
2.53884e-010
4.52223e-011
1.38226e-013
6.78959e-014
4.42926e-012
7.49287e-013
5.33665e-014
3.23197e-014
7.97564e-011
7.30255e-013
2.65911e-013
1.18041e-014
0.114554
7.96534e-010
6.48533e-015
7.53385e-015
0.997067
0.506299
0.482935
0.474055
0.920409
0.548017
0.688658
0.979804
0.224726
0.999483
1
0.999373
6.11379e-005
0.647795
0.998545
1
0.631892
0.355422
0.00221434
0.00297305
0.584039
0.00283228
0.247749
0.693794
0.139307
0.709387
0.589798
0.0206965
0.000647491
0.524365
0.957572
0.999418
1.77533e-005
1.28011e-005
4.65894e-006
2.38742e-006
1.01575e-005
9.16524e-006
5.42461e-006
2.95183e-006
1.16169e-005
8.38237e-006
3.70003e-006
2.58067e-006
2.89161e-005
1.10191e-005
5.0564e-006
2.08034e-006
0.848117
0.271869
0.501008
0.687174
0.999759
0.522364
0.50414
0.465492
0.999974
0.44648
0.206108
0.565095
0.997035
0.142415
4.79901e-007
0.0120543
9.51954e-005
6.39464e-005
4.0187e-005
2.16088e-005
7.90573e-005
5.63619e-005
2.83859e-005
2.01978e-005
6.93598e-005
5.05816e-005
2.30691e-005
1.75496e-005
9.77889e-005
4.27156e-005
2.87132e-005
1.74206e-005
0.461374
0.434567
0.000101038
1.81033e-005
0.00515233
0.0110747
0.00157209
0.00131969
0.000343136
0.076764
0.00271358
6.88269e-006
2.76279e-006
0.164641
0.0405345
0.0131948
0.0333234
0.796617
0.99429
0.957509
0.036752
0.210329
0.44417
0.389934
0.718237
0.00657231
0.0593048
0.303297
0.999978
0.764264
0.769044
0.1859
0.00072407
0.655212
0.390483
0.203009
1.16724e-007
0.489807
0.702397
0.128056
0.4586
0.0390169
0.0214382
0.0103729
1
0.929917
0.410832
2.40677e-005
