0.000400666
0.00223577
1.28713e-006
1.49428e-006
0.000116375
7.01041e-006
2.94491e-006
0.000311689
0.708762
0.0659256
0.0667404
0.566935
0.999408
0.444187
0.0048159
0.00141593
5.88387e-007
5.89436e-007
3.50064e-007
2.53606e-007
4.80902e-007
5.30745e-007
2.94539e-007
1.92501e-007
6.24798e-007
4.2456e-007
3.29064e-007
2.47262e-007
1.84775e-006
6.24406e-007
4.60527e-007
2.53226e-007
0.0122631
0.502184
0.999332
0.759802
0.0552627
0.70944
0.965785
0.662596
0.0125253
0.535215
0.0870821
0.00489517
0.45112
0.525884
0.668262
0.444418
9.96894e-007
1.23451e-006
6.53188e-007
5.35981e-007
8.14053e-007
9.5185e-007
5.07041e-007
3.68349e-007
1.05657e-006
8.97898e-007
6.15826e-007
5.32168e-007
4.62175e-006
1.40976e-006
9.82952e-007
6.14281e-007
1
1
1
1
1
1
1
1
1
1
1
1
0.841193
1
1
1
1.37387e-014
8.94166e-016
1.47167e-017
3.39582e-015
1.5893e-013
4.98235e-013
1.16942e-016
1.87835e-017
8.9576e-015
2.59465e-014
3.91999e-016
8.75962e-017
8.47255e-010
7.44215e-011
1.07956e-013
3.12858e-013
0.99406
0.679502
0.892539
0.982572
0.963522
0.0303277
0.714031
0.996919
0.99834
0.99949
0.999313
0.997407
0.4913
0.572654
0.998384
0.51379
3.48882e-013
1.24107e-013
4.55256e-015
5.01684e-016
4.20242e-015
1.44974e-014
1.39173e-015
3.97486e-016
9.931e-012
1.70254e-014
3.84784e-015
2.3914e-015
1.85649e-006
5.92338e-013
3.09708e-015
6.74094e-016
0.989376
0.525368
0.909858
0.999975
0.743958
0.996445
0.966831
0.507753
0.009347
0.475536
0.317652
0.286799
0.00522052
0.278561
0.959272
0.999999
0.147819
0.110647
0.32948
0.991996
0.706125
0.791594
0.270792
0.391898
0.000105236
0.00119785
7.53805e-006
1.01944e-005
9.48575e-007
0.195204
0.496338
0.766369
2.58061e-006
3.4526e-006
2.0116e-006
1.69088e-006
2.26787e-006
2.63501e-006
1.52064e-006
1.20904e-006
2.31087e-006
2.36345e-006
1.70881e-006
1.22507e-006
7.29249e-006
3.96619e-006
2.85788e-006
1.43812e-006
0.999939
0.829987
0.669174
0.452105
0.974777
0.075061
0.118487
0.468177
0.999934
0.905032
0.9973
0.999949
0.994097
0.643143
0.504869
0.495527
2.72872e-005
2.97502e-005
2.34342e-005
1.7451e-005
2.44684e-005
2.97649e-005
1.77812e-005
1.41284e-005
2.33715e-005
2.34471e-005
1.98582e-005
1.42486e-005
3.61374e-005
2.40696e-005
2.33293e-005
1.65889e-005
1.57974e-007
5.39827e-005
3.38596e-006
4.95922e-006
4.42312e-005
0.00115446
1.2971e-006
1.80168e-007
6.29131e-008
8.73609e-007
1.90404e-009
1.00587e-008
2.07069e-007
0.00437196
0.00020815
1.60193e-005
0.99853
0.997319
0.999891
0.93653
0.98984
0.958222
0.999929
0.999806
0.999823
0.999809
0.999998
0.999729
0.999986
0.908662
0.990653
0.413289
0.000135444
0.144559
0.0508623
1.33024e-006
4.34903e-006
0.0227696
0.00312139
0.0501345
0.702758
0.517315
0.0153317
0.278939
0.999995
0.998832
0.0703467
4.98238e-005
