2.80134e-006
9.0202e-006
1.35288e-008
5.64694e-013
8.30699e-005
1.25912e-008
1.77052e-006
2.78299e-005
0.754703
0.225975
1.05264e-005
0.000515482
0.701449
0.100862
0.0114411
0.663869
2.60161e-006
2.73138e-006
2.06943e-006
4.82823e-006
5.02357e-007
6.04507e-007
4.37307e-007
3.90566e-007
6.63503e-007
4.6156e-007
3.48975e-007
2.3811e-007
1.37124e-006
7.85892e-007
5.02689e-007
8.1827e-007
0.476349
0.752121
0.984625
0.440225
0.536277
0.966441
0.987674
0.114257
0.146798
0.717486
0.911857
0.141678
0.458634
0.770379
0.979422
0.00209765
6.44955e-006
8.46027e-006
6.02179e-006
1.59472e-005
9.32318e-007
1.16765e-006
7.02497e-007
9.84065e-007
1.09838e-006
8.71924e-007
6.23032e-007
4.98e-007
2.91344e-006
1.60114e-006
9.07831e-007
1.30248e-006
1
0.999999
1
1
1
1
1
1
1
1
1
1
0.996526
1
1
1
0.257268
0.0616105
0.259469
0.749792
6.0857e-011
4.08546e-011
2.28199e-015
1.20449e-008
1.03634e-013
2.54009e-014
1.1753e-015
3.11976e-017
5.28535e-007
4.3914e-012
5.54259e-015
2.27837e-010
0.135683
0.00361755
0.310287
0.626047
0.984247
0.0266787
0.24786
0.928811
0.999705
0.998731
0.999421
0.901051
0.335686
0.16037
0.882782
0.999962
8.86264e-012
3.43125e-012
1.54173e-013
4.49776e-005
3.14508e-015
2.42621e-013
7.36991e-015
3.2913e-016
7.98381e-012
2.86118e-013
6.67938e-015
8.55161e-016
9.13717e-008
1.59038e-009
5.04039e-015
9.42022e-015
1
1
1
1
0.902263
0.999979
0.999774
0.998517
8.6704e-006
0.00866616
0.771921
0.992594
0.483487
0.938657
0.746769
0.248164
0.998989
0.996471
0.999998
1
0.999226
0.99945
0.467806
0.778505
3.93417e-007
0.0117604
0.00970621
0.00151815
0.467891
0.411468
0.0150321
3.77182e-005
7.77501e-006
1.2665e-005
1.22632e-005
2.03989e-005
2.83143e-006
2.9862e-006
1.80903e-006
2.96964e-006
2.06465e-006
2.8096e-006
2.01491e-006
1.2207e-006
5.25635e-006
3.67005e-006
2.67471e-006
2.17276e-006
0.456665
0.237275
0.00288049
4.81608e-008
0.363793
9.82934e-005
0.0494319
0.0416919
0.999829
0.527773
0.733634
0.931065
0.740841
0.490989
0.904127
0.999991
6.26866e-005
6.7426e-005
6.76483e-005
0.000126899
2.54042e-005
3.08283e-005
2.27041e-005
2.27663e-005
2.43445e-005
2.47486e-005
2.25369e-005
1.66701e-005
4.0861e-005
2.73258e-005
2.2853e-005
3.63815e-005
0.502699
0.5166
0.875751
1
0.0307293
0.13146
5.28692e-006
0.36227
7.66818e-007
0.000114198
3.30155e-007
7.2268e-008
0.0178347
0.000624862
1.9196e-007
2.95229e-012
0.0609266
0.206657
0.285579
7.12515e-006
0.562842
0.662847
0.999434
0.63305
0.999999
0.999995
0.999997
0.999851
0.999656
0.999615
0.999978
0.996691
3.24376e-007
4.27854e-005
4.75349e-008
5.26364e-018
2.20305e-006
5.92039e-005
9.99525e-005
3.54014e-005
0.878535
0.965097
0.12825
0.000659503
0.998763
0.960143
0.0167903
0.0714777
