1.40549e-014
7.42676e-012
5.30563e-013
6.09136e-013
0.0020024
3.1e-005
0.000113853
9.21587e-005
0.864512
0.0812633
8.34914e-006
0.106591
0.999879
0.729211
0.523609
0.99934
5.28977e-006
4.08212e-006
3.43733e-006
8.25191e-006
5.35831e-007
6.81454e-007
5.33728e-007
8.02337e-007
8.64156e-007
6.9699e-007
3.92045e-007
4.67535e-007
2.47835e-006
2.27768e-006
1.68203e-006
4.67797e-006
0.999946
0.976686
0.974807
0.743798
0.562711
0.625529
0.512856
0.149431
0.00443836
0.493384
0.91416
0.287703
0.460045
0.772034
0.358939
0.000726707
1.40199e-005
1.56799e-005
1.05443e-005
3.25742e-005
9.46037e-007
1.38124e-006
9.95033e-007
1.89912e-006
1.25276e-006
1.59807e-006
7.81549e-007
9.03133e-007
7.71143e-006
4.50942e-006
2.37073e-006
7.71747e-006
0.999994
1
1
0.999916
1
1
1
1
1
1
1
1
0.720007
0.999962
1
0.997571
0.504514
0.500001
0.500476
0.993803
1.53737e-010
1.18954e-010
2.06028e-012
0.000325397
9.64308e-013
1.20729e-013
6.31624e-015
1.37544e-014
2.74593e-007
9.2073e-010
6.00396e-012
1.25645e-007
1.84532e-007
2.90727e-005
0.00460866
0.0850712
0.538471
0.583011
0.68902
0.923667
0.958478
0.998697
0.993705
0.984623
0.500747
0.427789
0.852308
1
1.04497e-009
9.96695e-012
2.1242e-010
0.00178655
7.75681e-015
3.00247e-014
2.30866e-014
2.29279e-015
2.02785e-009
6.86675e-013
5.86486e-014
3.1114e-015
0.004475
1.37518e-007
3.53258e-009
5.74276e-006
1
1
1
1
0.707971
0.950182
0.999663
0.999998
0.00102235
0.305374
0.999063
0.746312
1.49293e-005
0.0563936
0.212674
1.47219e-007
1
1
1
1
0.650199
0.989472
0.953634
0.999259
2.00306e-007
0.00773784
0.124996
0.03204
7.01346e-006
0.0102604
0.000400988
2.82941e-010
1.52125e-005
1.904e-005
1.42811e-005
3.13041e-005
2.65806e-006
4.00035e-006
2.32332e-006
5.26075e-006
2.40557e-006
4.32229e-006
2.31613e-006
2.22036e-006
9.87376e-006
8.46742e-006
4.16128e-006
9.70663e-006
2.30355e-011
3.99285e-008
1.94234e-008
3.01212e-010
0.454202
0.20183
0.477847
0.00360004
0.999995
0.850195
0.711992
0.756158
0.9997
0.566545
0.939245
0.999998
7.7762e-005
0.000101549
9.07458e-005
0.000141717
2.31511e-005
3.63144e-005
2.82058e-005
2.8974e-005
2.8439e-005
3.5354e-005
2.4752e-005
2.48116e-005
4.85219e-005
5.48586e-005
4.40161e-005
7.91532e-005
1
0.999993
1
1
0.00581805
0.00721299
0.000200369
0.613191
1.18257e-008
2.26299e-005
2.9797e-006
1.33715e-008
5.76766e-007
7.17557e-006
1.13545e-007
5.27305e-014
0.000768156
0.000964482
0.0081932
1.89184e-007
0.90616
0.559662
0.78053
0.0585123
0.999999
0.999924
0.999736
0.996557
1
0.999998
0.999995
0.997781
4.17507e-011
5.34133e-011
1.88819e-011
6.6523e-019
0.000604146
0.000703392
0.00056922
6.42243e-007
0.730658
0.720783
0.130979
0.000133705
1
0.999845
0.729611
0.513288
