7.89531e-007
4.19166e-005
0.00011143
3.03898e-008
0.000588683
3.38907e-007
0.000116424
4.46946e-005
0.810517
0.285772
0.000304354
0.0683649
0.998246
0.624984
0.500498
0.981844
2.33768e-006
2.11597e-006
1.65662e-006
3.59224e-006
4.5959e-007
6.30829e-007
4.78642e-007
3.83181e-007
7.28923e-007
6.27915e-007
4.16915e-007
2.72963e-007
2.52436e-006
1.92182e-006
1.42382e-006
3.05026e-006
0.776516
0.722768
0.484958
0.0077623
0.541214
0.947236
0.809592
0.394779
0.0158207
0.650306
0.806153
0.316654
0.198426
0.840405
0.348805
7.6784e-006
5.11944e-006
6.04541e-006
4.07055e-006
1.12667e-005
8.67276e-007
1.25382e-006
8.09786e-007
1.02061e-006
1.24674e-006
1.24272e-006
8.25589e-007
6.2009e-007
5.71644e-006
3.13641e-006
2.11302e-006
5.085e-006
1
1
1
1
1
1
1
1
1
1
1
1
0.742616
0.999883
1
0.999666
0.0908176
0.000210962
0.0657913
0.684328
1.68532e-011
3.86638e-011
2.54658e-013
7.39178e-010
1.37481e-013
7.53054e-014
2.88542e-014
5.51547e-016
1.86195e-005
8.50809e-008
2.35392e-010
2.539e-007
0.00834077
0.227882
0.722339
0.998026
0.844141
0.297877
0.385531
0.720481
0.999886
0.99995
0.971622
0.751822
0.425516
0.214914
0.997359
0.999999
3.15148e-012
7.26032e-013
9.09088e-015
8.10734e-008
4.38886e-015
5.2174e-014
3.09194e-015
4.32714e-016
1.34684e-010
1.3563e-012
1.81841e-014
1.23463e-015
0.000490301
1.143e-006
1.97668e-012
5.88544e-007
1
0.999922
0.999832
1
0.778021
0.997996
0.999482
0.999334
1.2893e-006
0.000161893
0.812824
0.717968
0.00165573
0.323492
0.497423
0.000162513
0.98354
0.528503
0.838956
1
0.994055
0.99784
0.479077
0.932884
2.10335e-008
0.000265721
0.00168401
0.00186147
1.60613e-006
0.016488
0.00526862
9.78455e-011
7.72387e-006
1.01827e-005
9.02108e-006
1.75911e-005
2.53228e-006
3.49163e-006
1.87848e-006
3.03967e-006
2.14195e-006
3.67657e-006
2.27502e-006
1.44814e-006
8.90433e-006
6.32452e-006
4.31349e-006
6.4372e-006
0.272322
0.472207
0.480481
0.00276225
0.294472
0.000828991
0.345792
0.00137467
0.999961
0.724213
0.798725
0.755317
0.999852
0.564717
0.998143
1
5.74525e-005
5.8792e-005
5.11928e-005
0.000108968
2.36705e-005
3.3026e-005
2.32417e-005
2.28676e-005
2.51021e-005
2.93525e-005
2.34404e-005
1.86638e-005
5.46749e-005
3.79759e-005
3.71144e-005
6.56944e-005
0.501077
0.500002
0.501757
0.999999
0.0078535
0.0115862
9.15859e-007
0.301736
1.80869e-007
6.1357e-006
5.95794e-008
5.67165e-008
1.89285e-006
4.11244e-006
5.06427e-008
1.8598e-015
0.387139
0.687007
0.461524
5.6806e-005
0.680843
0.667859
0.967403
0.494051
1
0.999997
0.99998
0.999672
1
1
0.999994
0.995066
6.30327e-005
0.000493293
6.05385e-006
4.60435e-015
6.86953e-005
1.82181e-005
0.000102841
0.000914533
0.976202
0.985157
0.229336
0.00168363
1
0.99954
0.501039
0.522187
