2.0918e-005
6.1111e-005
3.6274e-007
1.34412e-008
0.000315654
5.67466e-010
2.7621e-007
9.0435e-005
0.948473
0.279896
8.24575e-005
0.116
0.993789
0.399234
0.499552
0.988384
2.01336e-006
1.98133e-006
1.08643e-006
2.03208e-006
5.90565e-007
7.11955e-007
4.29418e-007
2.93057e-007
8.25877e-007
5.47062e-007
3.64034e-007
3.13885e-007
2.37126e-006
1.52932e-006
1.17034e-006
2.87849e-006
0.18117
0.680831
0.997862
0.39829
0.523061
0.998253
0.999263
0.343653
0.00592007
0.677371
0.981178
0.0277684
0.269642
0.856437
0.652408
1.67485e-005
4.13425e-006
5.43457e-006
2.56842e-006
5.27442e-006
1.07748e-006
1.406e-006
6.31043e-007
6.32545e-007
1.44667e-006
1.05012e-006
6.44063e-007
6.03276e-007
5.72032e-006
2.66523e-006
1.75053e-006
5.07359e-006
1
1
1
1
1
1
1
1
1
1
1
1
0.772265
0.999961
1
0.999783
1.53357e-005
1.86994e-008
1.62227e-007
0.375069
5.67906e-010
1.71696e-010
5.78948e-015
3.89203e-013
5.02332e-013
6.19169e-015
4.52401e-016
1.33514e-015
0.000292897
1.17906e-007
1.72987e-011
9.75566e-007
0.271878
0.040823
0.212775
0.998393
0.818916
0.00883263
0.200454
0.928885
0.999685
0.998695
0.999807
0.991739
0.254166
0.0249812
0.977789
1
6.27835e-011
5.68797e-011
4.24328e-013
8.37935e-011
5.66345e-015
2.16493e-013
2.9803e-014
4.50022e-016
7.16748e-010
7.11319e-012
2.60303e-014
1.53877e-015
3.6908e-005
3.06315e-007
2.26487e-012
2.47551e-008
0.999981
0.999994
0.9997
0.999971
0.782788
0.999876
0.998431
0.849012
1.88148e-008
2.70191e-005
0.55166
0.691498
0.0329985
0.4686
0.464445
7.06007e-005
0.994594
0.871861
0.752295
1
0.999314
0.999589
0.253436
0.536178
8.26147e-010
0.000138815
0.00070169
1.92086e-005
0.00334511
0.00166092
0.00217315
2.55007e-009
6.03856e-006
8.90665e-006
6.35445e-006
1.10923e-005
3.20392e-006
3.43693e-006
1.59557e-006
2.0859e-006
2.23469e-006
3.13679e-006
2.22695e-006
1.38746e-006
8.4839e-006
4.87451e-006
3.75996e-006
6.33805e-006
0.503015
0.278441
0.276246
0.0130872
0.271922
3.58647e-006
0.00464779
0.305034
0.999999
0.695924
0.88798
0.996342
0.89269
0.509125
0.993554
1
5.91557e-005
5.77924e-005
3.85329e-005
6.69872e-005
2.80976e-005
3.58485e-005
2.22275e-005
1.89446e-005
2.64849e-005
2.65368e-005
2.25079e-005
1.95499e-005
5.39367e-005
3.36707e-005
3.24912e-005
6.339e-005
0.465955
0.498809
0.500029
0.9888
0.366503
0.677165
1.17001e-005
0.245361
4.2771e-008
2.84677e-005
2.70214e-007
2.65395e-010
0.000811516
5.77141e-005
1.23468e-007
4.47591e-015
0.138037
0.642379
0.977326
0.139445
0.514782
0.732338
0.999951
0.871974
1
1
1
0.999919
0.99998
0.999998
0.999998
0.966773
1.38933e-006
0.00565328
0.002247
6.0664e-012
2.60342e-005
0.000452192
0.000668571
0.000987273
0.985703
0.999859
0.432667
0.000525147
0.999999
0.999973
0.511712
0.501174
