5.03605e-017
1.97796e-017
7.78874e-019
5.29014e-011
0.0127204
2.68962e-005
6.74804e-008
1.69754e-008
0.95486
0.0563525
5.09757e-007
1.65705e-005
0.705821
0.000157408
0.000107405
0.718871
6.29172e-006
6.74709e-006
6.50536e-006
1.95653e-005
6.72292e-007
6.86945e-007
5.77736e-007
1.04376e-006
9.75954e-007
5.4499e-007
2.4819e-007
2.55005e-007
1.32547e-006
7.49154e-007
3.55335e-007
8.79545e-007
0.999988
0.99993
0.999996
0.822119
0.701275
0.962106
0.995
0.443904
0.00416628
0.539135
0.996778
0.429651
0.762292
0.997421
0.949309
0.0357821
2.23031e-005
2.49905e-005
2.10553e-005
8.38022e-005
1.26276e-006
1.43216e-006
1.21034e-006
3.16495e-006
1.43394e-006
1.17772e-006
4.63106e-007
5.09035e-007
2.96484e-006
1.62301e-006
5.75909e-007
1.24141e-006
0.947436
0.989782
0.998452
0.895323
1
1
1
1
1
1
1
1
0.995347
1
1
1
0.983973
0.820905
0.939941
1
3.93978e-007
1.07437e-009
4.3534e-009
0.249993
1.01002e-013
1.8655e-015
2.74378e-018
7.13773e-016
2.76308e-008
3.09989e-012
1.12361e-016
2.90653e-010
1.29098e-009
3.81779e-009
1.26854e-007
0.0281025
0.499982
0.395747
0.498125
0.90142
0.931535
0.97046
0.997788
0.991663
0.246799
0.00151808
0.626294
0.999994
1.97106e-005
2.36108e-007
0.00010207
0.449849
2.82099e-015
2.10064e-014
4.09019e-015
2.55084e-012
2.33639e-010
3.70306e-013
1.31081e-014
1.97537e-015
1.297e-007
2.26464e-010
7.30321e-014
7.08328e-015
1
1
1
1
0.554643
0.812918
0.992104
0.999986
0.00536086
0.213233
0.97855
0.7758
0.252781
0.77878
0.689652
0.0719084
1
1
1
1
0.502258
0.743517
0.816917
1
2.05861e-008
0.0016406
0.00989968
0.255034
0.207115
0.677327
0.0692496
1.51813e-006
1.7759e-005
2.76556e-005
2.65003e-005
4.6093e-005
3.08131e-006
3.70491e-006
2.93362e-006
6.49384e-006
2.80429e-006
3.22956e-006
1.5947e-006
1.49625e-006
6.45059e-006
3.72154e-006
1.67623e-006
2.5299e-006
8.72224e-017
6.55252e-016
2.09292e-016
7.88195e-006
0.494309
0.0054231
0.0280457
0.00110507
1
0.834911
0.786276
0.886771
0.707755
0.139401
0.506064
0.999993
8.03097e-005
0.000104125
0.000104406
0.000174251
2.88239e-005
3.23299e-005
2.67835e-005
4.4256e-005
3.32409e-005
2.82565e-005
1.7763e-005
1.93769e-005
4.00521e-005
2.90291e-005
1.93059e-005
3.84371e-005
1
1
1
1
0.499525
0.499919
0.499994
0.831389
1.60738e-009
1.7716e-005
6.73265e-007
1.83214e-005
0.00201676
0.00764099
9.95958e-007
3.12847e-012
6.14844e-008
3.39691e-007
1.41887e-006
5.84058e-012
0.597969
0.542773
0.728571
0.229753
0.999999
0.999999
1
0.999403
0.999998
0.999957
0.999997
0.993415
1.96257e-016
6.49564e-016
2.23673e-018
1.66442e-023
0.00320176
0.121715
0.00222093
9.62369e-010
0.749349
0.989571
0.122159
0.000222903
0.99999
0.814826
0.0401149
0.000432537
