0.698226
0.5019
0.5005
0.494699
1
0.999234
0.999971
0.999998
1
0.848507
0.931265
0.99988
1
0.992011
0.998873
1
0.00011238
7.02851e-005
3.54927e-005
4.2297e-005
6.44402e-005
4.54627e-005
1.26236e-005
7.04251e-006
5.34321e-005
4.46222e-005
1.8052e-005
8.80841e-006
0.000111427
6.74615e-005
4.26147e-005
5.34531e-005
0.00828496
0.993867
0.719102
0.0825633
1.01042e-008
0.994979
0.743654
0.00209827
1.133e-007
0.959005
0.992043
0.0202646
0.00148889
0.996375
0.511546
6.93825e-006
0.00052787
0.000346746
0.000178169
0.000228701
0.000259774
0.000263359
6.46823e-005
3.14309e-005
0.00024782
0.000216313
7.72944e-005
3.33965e-005
0.000660495
0.000298406
0.000130257
0.000144222
7.45978e-006
2.05355e-013
7.63423e-010
1.38809e-008
8.36891e-006
4.41696e-015
2.8803e-012
4.07081e-009
1.04514e-007
2.00165e-014
3.1875e-010
9.9951e-006
2.47827e-011
5.5042e-015
2.50981e-009
5.02712e-007
1
1
1
1
1
1
1
1
1
1
1
1
1
1
1
1
0.000668486
3.67423e-006
0.00151528
0.00590508
0.501107
0.00116013
0.111249
0.174067
0.460595
6.01015e-006
0.00915066
0.558755
0.0415551
1.59744e-005
0.207145
0.997362
0.999973
1
0.999986
0.999991
0.999699
1
0.999994
0.999976
0.999998
1
0.99799
0.621287
1
1
0.863651
0.624781
0.790119
0.408494
0.495502
0.7148
0.0673594
0.0661921
0.200763
0.25649
0.00105939
0.590457
0.956665
0.940643
0.000166779
0.374224
0.492645
0.132527
0.971334
0.503935
0.514567
0.999718
0.997889
0.26617
0.0138033
0.403836
0.814168
0.847112
0.730136
0.712383
0.211753
0.22815
0.0172926
0.0013613
0.000112137
8.60368e-005
4.80083e-005
6.46618e-005
8.47556e-005
5.66889e-005
2.17107e-005
1.05908e-005
6.60882e-005
6.21462e-005
2.74974e-005
1.5579e-005
0.000114431
7.27348e-005
5.50585e-005
5.94248e-005
0.486227
0.00267187
0.186726
0.117637
0.999102
0.055073
0.227388
0.438107
0.996655
0.000396197
2.28931e-005
0.177036
0.792365
8.71275e-005
0.126708
0.750471
0.00050579
0.000357936
0.000212374
0.000226347
0.000419869
0.000251803
0.000118206
7.54611e-005
0.000335344
0.000268442
0.000147708
0.000109955
0.000614085
0.000335416
0.000241009
0.000232988
1
0.999978
0.999997
1
1
0.999519
0.998358
1
0.999998
1
1
1
0.999496
0.769503
0.524522
0.668969
1.7888e-008
0.690567
0.215555
2.28668e-008
3.6154e-010
0.687725
0.239997
1.30371e-006
5.21216e-006
0.349879
0.00338487
1.04115e-009
0.511712
0.993846
0.684277
0.00848958
0.0021022
0.995713
0.601999
0.000160955
0.000300835
0.994639
0.958585
0.0615428
0.3384
0.752387
0.497461
0.000538477
0.999701
0.999917
0.901711
0.518567
