0.822779
0.508658
0.500483
0.348843
1
0.997746
0.999944
0.999905
1
0.877428
0.966172
0.999991
1
0.998261
0.999507
1
0.000121788
8.15285e-005
3.41393e-005
4.01382e-005
7.45004e-005
5.24521e-005
1.34241e-005
5.96848e-006
5.74623e-005
6.05742e-005
2.16677e-005
7.82427e-006
0.000105892
7.61682e-005
4.51289e-005
5.43784e-005
0.000616403
0.98649
0.766907
0.258375
5.64134e-009
0.99233
0.786934
0.00105255
7.64538e-009
0.871629
0.988047
0.00977976
0.000174312
0.982256
0.639214
9.07639e-007
0.000604425
0.000424083
0.000180021
0.00023655
0.000314951
0.00031162
7.45345e-005
3.16737e-005
0.000269972
0.000281296
9.04132e-005
3.63912e-005
0.000638466
0.000355406
0.00016396
0.000177927
9.56487e-006
2.49318e-014
3.14778e-011
3.58758e-009
7.52493e-006
2.92486e-015
2.48465e-013
1.95905e-009
1.01404e-007
6.0913e-015
5.83745e-011
3.59287e-007
2.47345e-011
5.51838e-015
1.36457e-010
1.5263e-008
1
1
1
1
1
1
1
1
1
1
1
1
1
1
1
1
0.000443333
1.20633e-005
0.000125793
0.000645175
0.517082
0.000605808
0.00980573
0.173544
0.430677
1.38992e-006
0.00116326
0.590805
0.0324713
4.90995e-005
0.044978
0.99799
0.999991
1
1
1
0.999945
1
0.999997
0.999986
0.999999
1
0.999958
0.918129
1
1
0.996117
0.945635
0.776154
0.137634
0.539329
0.832062
0.0182009
0.112999
0.134658
0.291661
0.0117072
0.518403
0.910232
0.637604
0.000123936
0.255974
0.444711
0.038282
0.986855
0.588036
0.570694
0.999974
0.99958
0.525804
0.00200775
0.403995
0.8589
0.82563
0.341137
0.260542
0.241277
0.26305
0.00447367
6.05872e-005
0.000128066
9.72287e-005
4.44786e-005
6.30933e-005
9.55535e-005
6.49159e-005
2.3031e-005
9.92333e-006
6.84729e-005
7.67744e-005
3.18837e-005
1.29973e-005
0.00011952
8.53991e-005
5.48388e-005
6.45735e-005
0.49284
0.00107768
0.012386
0.00143936
0.998493
0.0256441
0.0115904
0.239729
0.991214
0.000268341
9.17747e-005
0.377266
0.879294
0.00311025
0.0472663
0.773242
0.000530446
0.000414789
0.00022625
0.000211326
0.000439919
0.000260612
0.000126425
7.20971e-005
0.000372715
0.000335957
0.000170856
9.41302e-005
0.000606051
0.000357274
0.000255122
0.000257588
1
0.999995
1
1
1
0.999958
0.99986
1
0.999999
1
1
0.999997
0.999002
0.856743
0.646797
0.779351
8.34897e-009
0.67475
0.245144
3.15998e-008
1.60937e-010
0.522811
0.343207
2.66276e-006
1.37726e-006
0.370361
0.0221111
3.76588e-009
0.490851
0.992217
0.644173
0.00272857
0.00284088
0.991643
0.5158
3.95261e-005
0.000102075
0.956336
0.993532
0.0815814
0.200242
0.86349
0.669333
0.000331159
0.997476
0.999862
0.989458
0.68448
