0.592369
0.483598
0.465862
0.107927
1
0.999166
0.999667
0.999455
1
0.700964
0.789128
0.999502
1
0.887858
0.988194
1
0.000121188
8.78749e-005
4.35473e-005
5.48031e-005
6.91889e-005
4.90596e-005
1.32495e-005
6.8014e-006
5.72035e-005
5.0475e-005
1.72087e-005
7.34959e-006
7.96306e-005
4.82756e-005
2.94771e-005
3.66388e-005
0.00293674
0.976148
0.857402
0.468502
3.42799e-009
0.986222
0.785661
0.00876581
9.90898e-008
0.976702
0.99913
0.0238355
0.000222513
0.998677
0.707832
1.80406e-006
0.000624736
0.000518649
0.000251232
0.000339613
0.000280369
0.0002883
7.13954e-005
3.35262e-005
0.000259778
0.000230522
7.28934e-005
2.7416e-005
0.000472056
0.000222595
8.80921e-005
9.2624e-005
2.89429e-006
6.51764e-014
3.06948e-011
1.76898e-009
2.72648e-006
9.93159e-015
6.27667e-013
4.17512e-009
3.94783e-008
2.01645e-015
5.15501e-010
2.58949e-005
1.55272e-010
1.27072e-014
2.11039e-008
1.32653e-005
1
1
1
1
1
1
1
1
1
1
1
1
1
1
1
1
0.000569704
1.3155e-006
1.08125e-005
0.000103218
0.500767
0.000489341
0.00162963
0.0904435
0.391962
1.05783e-005
0.00181319
0.552014
0.00921644
2.04078e-006
0.254645
0.999531
0.999992
1
1
1
0.999899
1
0.999993
0.999953
0.999999
1
0.991735
0.521745
1
0.999974
0.442938
0.288264
0.876621
0.272147
0.778111
0.946441
0.00718793
0.103683
0.308503
0.521497
0.00855366
0.546431
0.996834
0.984823
0.00323148
0.531976
0.51426
0.235537
0.999082
0.750261
0.750449
0.999999
0.998115
0.449385
0.0111536
0.679152
0.951074
0.807698
0.856251
0.725439
0.544864
0.362977
0.0758377
0.0166921
0.000132203
0.000112546
6.02221e-005
8.46056e-005
8.88197e-005
6.06241e-005
2.2143e-005
1.06358e-005
6.57919e-005
6.60011e-005
2.83278e-005
1.4046e-005
8.7686e-005
6.25603e-005
4.25183e-005
4.24578e-005
0.463805
0.000196531
0.000566474
0.000298058
0.99917
0.0214251
0.00318559
0.0856362
0.984539
0.000268717
1.26822e-005
0.0679169
0.551152
5.00992e-005
0.000468437
0.748176
0.000506331
0.00044471
0.000274081
0.00025888
0.000423848
0.000253979
0.000123066
7.58376e-005
0.000373464
0.000297418
0.000147786
9.38025e-005
0.000463029
0.000270205
0.000177749
0.000187084
1
1
1
1
1
0.999992
0.999994
1
1
1
1
1
0.999963
0.903147
0.718913
0.747592
1.42787e-009
0.29432
0.155127
1.47844e-008
7.75504e-010
0.548929
0.317162
8.38948e-007
1.8982e-007
0.500049
0.0317119
8.47371e-011
0.362329
0.958191
0.425312
7.67163e-005
0.000327738
0.849388
0.299421
7.68769e-006
0.00210117
0.98239
0.943552
0.014028
0.0345803
0.920267
0.490643
1.84387e-005
0.9828
0.99917
0.79622
0.497867
