0.874812
0.536414
0.47712
0.183764
1
0.995193
0.989148
0.999795
1
0.635242
0.700783
0.999879
1
0.999829
0.999827
1
0.000112532
9.46034e-005
4.78772e-005
5.53089e-005
6.18222e-005
4.93012e-005
1.48945e-005
7.85222e-006
3.25835e-005
3.35471e-005
1.91828e-005
9.97564e-006
5.50525e-005
3.46609e-005
3.22348e-005
4.92671e-005
1.21245e-006
0.759836
0.901419
0.452992
5.80648e-009
0.795463
0.940398
0.0464495
1.13029e-007
0.582875
0.999296
0.0221575
0.000748941
0.405213
0.650125
1.59461e-006
0.000461111
0.000494567
0.000262597
0.000329728
0.000246713
0.000274441
8.6219e-005
3.89417e-005
0.000144247
0.000142464
6.98047e-005
3.58117e-005
0.000274978
0.000155171
0.000109826
0.000136196
6.46918e-006
1.05612e-013
8.19762e-012
1.09139e-009
5.42508e-006
7.13617e-014
1.9162e-012
9.45362e-009
2.4386e-008
2.02043e-012
1.38951e-010
8.19442e-006
1.65623e-011
1.69273e-013
4.21473e-010
7.30638e-008
1
1
1
1
1
1
1
1
1
1
1
1
1
1
1
1
0.0239382
3.468e-006
1.13411e-005
3.58298e-005
0.587585
0.000352656
0.0013389
0.173801
0.452752
1.21322e-005
0.00154286
0.542841
0.00851176
0.000284623
0.347844
0.999057
0.999771
1
1
1
0.999392
1
0.999988
0.999944
0.999954
0.999999
0.998971
0.64292
1
0.999999
0.809783
0.750705
0.858139
0.145183
0.710974
0.942244
0.00100557
0.119059
0.420727
0.504878
0.103244
0.914836
0.999688
0.910177
0.0100195
0.243215
0.435775
0.0141435
0.995172
0.747072
0.718952
0.999998
0.99933
0.742532
0.0795898
0.706568
0.944898
0.992789
0.706083
0.63281
0.0122445
0.289293
0.00038015
0.000409567
0.000124838
0.000104012
6.27629e-005
7.97064e-005
8.60601e-005
5.96976e-005
2.68277e-005
1.22238e-005
4.10803e-005
4.15084e-005
2.87322e-005
1.69034e-005
6.06501e-005
4.15287e-005
4.24583e-005
5.53205e-005
0.703793
0.00218326
0.000570161
0.000253943
0.999146
0.0499871
0.00054313
0.0434
0.954211
0.00323177
1.69062e-006
0.180043
0.880315
0.202753
0.195729
0.756555
0.000506343
0.000457763
0.000302265
0.000261765
0.000387988
0.000244751
0.000140887
8.60476e-005
0.000244951
0.000213114
0.000153344
0.000103871
0.000365561
0.000205908
0.00020264
0.000232929
1
1
1
1
1
0.999999
0.999999
1
1
1
1
1
0.862319
0.781286
0.503371
0.643638
7.67476e-011
0.24621
0.236014
3.62576e-008
1.57618e-011
0.243055
0.237894
5.81911e-007
3.54664e-006
0.0111973
0.0137289
3.45971e-010
0.618382
0.654675
0.693599
0.00737282
0.000251908
0.70654
0.32259
3.98125e-005
3.42937e-005
0.615268
0.938773
0.0273168
0.120835
0.270878
0.513169
7.49499e-005
0.999368
0.996887
0.995418
0.66563
