0.958211
0.52172
0.500918
0.490229
1
0.995923
0.99992
0.999997
1
0.976544
0.99613
0.999996
1
0.994317
0.999662
1
0.000123015
8.43841e-005
4.17883e-005
4.48871e-005
7.09457e-005
5.24523e-005
1.32508e-005
6.97582e-006
5.68596e-005
4.59094e-005
1.52906e-005
7.29644e-006
0.000117761
7.41546e-005
4.51911e-005
5.25722e-005
0.000496153
0.988636
0.771359
0.0731731
5.51082e-008
0.996092
0.763412
0.000610695
8.68957e-008
0.89392
0.997158
0.0146598
7.51263e-005
0.991385
0.531984
3.90033e-007
0.000566214
0.000433306
0.000218119
0.000251784
0.000286978
0.000304179
6.23261e-005
3.07497e-005
0.00026813
0.00023103
7.63365e-005
2.929e-005
0.000632148
0.00035416
0.00013299
0.000164843
4.2729e-006
3.36689e-014
4.74839e-010
3.10065e-008
3.55882e-006
5.45197e-015
2.40018e-012
4.6947e-009
9.46819e-008
3.90876e-015
5.49296e-011
8.87802e-007
1.33145e-011
1.90502e-015
2.80994e-010
1.04961e-008
1
1
1
1
1
1
1
1
1
1
1
1
1
1
1
1
0.000760671
2.60279e-006
0.00159733
0.0104845
0.470326
5.80813e-005
0.0570001
0.310616
0.394723
8.70845e-006
0.00616003
0.688954
0.013775
4.8909e-006
0.274953
0.999377
0.999988
1
0.999977
0.999987
0.99993
1
0.999994
0.999971
0.999998
1
0.999744
0.941511
1
1
0.996529
0.896389
0.654603
0.189075
0.488639
0.739929
0.068805
0.10886
0.246807
0.133372
0.00142946
0.468291
0.810496
0.671943
0.000177467
0.36159
0.460643
0.0205314
0.978799
0.530749
0.542382
0.999981
0.999457
0.305896
0.00438396
0.450277
0.873768
0.576307
0.271212
0.307887
0.318553
0.295858
0.00188043
7.75993e-005
0.000125331
0.000109399
5.84152e-005
7.07569e-005
9.18999e-005
6.41941e-005
2.12566e-005
1.03112e-005
6.88916e-005
6.56392e-005
2.51108e-005
1.24916e-005
0.000111992
7.85656e-005
5.32792e-005
5.87185e-005
0.508094
0.00713305
0.0638132
0.0524232
0.996204
0.0207848
0.05316
0.463697
0.998546
0.000693872
4.22313e-005
0.341302
0.864722
0.00010245
0.163755
0.801487
0.000539542
0.000395121
0.000245019
0.000235214
0.000432042
0.000288203
0.00012096
7.31677e-005
0.000342815
0.000272286
0.000141279
9.59942e-005
0.000618135
0.000376167
0.000238085
0.000235121
1
0.999972
0.999997
1
1
0.999894
0.999592
1
1
0.999999
0.999999
1
0.999911
0.834805
0.697062
0.790688
3.48872e-008
0.813794
0.204379
3.80436e-009
6.39329e-010
0.743504
0.180037
1.56456e-006
1.48236e-006
0.510586
0.0117811
7.97146e-009
0.336632
0.987729
0.474905
0.00390926
0.00563184
0.998278
0.588544
5.57645e-005
0.000134605
0.969692
0.982062
0.0325675
0.250935
0.952749
0.632704
0.00232293
0.9955
0.999274
0.928936
0.67089
