0.996259
0.994346
0.99973
0.999996
0.999968
0.9911
0.998469
0.999992
1
0.753728
0.620841
0.999582
0.999993
0.529771
0.802129
0.999981
0.000184596
0.000190978
4.77934e-005
2.21094e-005
0.000164889
0.000257695
8.19515e-005
2.30684e-005
0.000187254
0.000232171
6.06362e-005
1.51952e-005
0.000179668
0.000165652
5.26137e-005
2.44532e-005
0.000163429
0.923909
0.964663
9.97491e-006
3.24903e-008
0.568585
0.997507
0.232529
4.04657e-009
0.904163
0.999999
0.505336
0.00347794
0.997929
0.999678
0.233852
0.00105
0.00119203
0.000282553
0.000115333
0.000896439
0.00161324
0.000471729
0.000103262
0.00108793
0.00166427
0.000368872
7.47362e-005
0.00099687
0.000888819
0.000246189
0.000101238
1.0896e-008
4.4266e-016
1.61773e-014
2.38384e-011
2.13261e-006
3.15645e-015
1.7931e-015
6.28283e-012
1.72479e-007
3.11184e-015
1.03339e-014
8.56315e-011
9.10357e-009
1.37678e-015
7.27334e-015
9.89724e-012
1
1
1
1
1
1
1
1
1
1
1
1
1
1
1
1
6.83624e-006
4.70873e-007
0.00959082
0.0612851
0.182415
2.06078e-006
0.000152116
0.0173057
0.256261
1.1649e-006
7.00561e-006
0.316602
0.0649678
4.8071e-007
3.27598e-005
0.672284
1
1
1
1
1
1
1
1
1
1
1
0.999998
1
1
1
0.999999
0.418142
0.00255242
0.0191324
0.00327858
0.0803601
0.00111888
0.00411757
0.0811601
0.000221543
0.0222196
0.528477
0.464219
0.000434778
0.220988
0.633326
0.23924
0.999962
0.562193
0.000164384
0.572739
0.999957
0.664096
0.00217847
0.172404
0.999464
0.998598
0.53086
0.329508
0.999334
0.839914
0.148287
0.0192154
0.000180613
0.000199664
7.80687e-005
3.23533e-005
0.000174575
0.000286249
0.000111216
2.71275e-005
0.000210009
0.000275376
9.62019e-005
2.21953e-005
0.000168254
0.000169055
6.06163e-005
3.02219e-005
0.18832
0.000448519
0.0466812
0.989893
0.901788
0.00282345
0.0459935
0.517939
0.994524
0.000489673
0.000108873
0.0723076
0.684359
3.51026e-005
0.000179704
0.538514
0.000706091
0.000654055
0.000308592
0.000172294
0.00064178
0.00087922
0.000445191
0.000157193
0.000820117
0.000816909
0.000379664
0.000135641
0.000769043
0.000667089
0.000294551
0.000158075
1
0.999808
0.999086
1
1
0.999964
0.999828
1
1
1
1
1
1
1
0.999999
0.999999
7.4512e-007
0.936796
0.818496
0.00206841
4.98415e-010
0.621576
0.988729
0.020229
1.19697e-006
0.838836
0.546428
0.00014623
3.63842e-005
0.731925
0.637711
0.00158368
0.274204
0.999615
0.999842
0.212015
0.00590246
0.999096
0.999954
0.49876
0.0450468
0.930694
0.979724
0.270879
0.378602
0.959448
0.999594
0.488557
