0.999281
0.993301
0.999765
0.999998
0.999867
0.95566
0.996962
0.999996
0.999999
0.819082
0.672845
0.999463
0.999943
0.442052
0.681158
0.999548
0.000253244
0.000238993
5.1825e-005
2.50772e-005
0.000218331
0.000327212
9.76275e-005
2.96658e-005
0.000211611
0.000295322
7.85561e-005
1.86703e-005
0.000214016
0.000225174
6.5251e-005
2.46039e-005
0.000446503
0.986896
0.96026
1.33487e-005
9.21923e-007
0.841534
0.998953
0.18951
1.53178e-008
0.85411
0.999997
0.533348
0.000187201
0.979503
0.999997
0.377445
0.00146515
0.00156064
0.00032189
0.000130581
0.0012058
0.00208479
0.00053491
0.000135788
0.00128157
0.00223398
0.000493255
9.7637e-005
0.00117438
0.00131109
0.000316822
0.00010008
4.72039e-009
6.4356e-017
1.42521e-014
1.62249e-011
1.22788e-006
1.79699e-015
1.28447e-015
2.69533e-012
8.36371e-008
2.02677e-015
2.59695e-015
4.94148e-011
5.88992e-009
3.03917e-015
2.98437e-015
3.90922e-011
1
1
1
1
1
1
1
1
1
1
1
1
1
1
1
1
5.49578e-006
6.1456e-007
0.00442732
0.0375098
0.0344495
7.37207e-007
4.9917e-005
0.00529798
0.199339
2.32434e-007
5.15589e-006
0.142286
0.0160862
2.60811e-007
2.01574e-006
0.550681
1
1
1
1
1
1
1
1
1
1
1
1
1
1
1
0.999996
0.234107
0.00199531
0.00797164
0.0022983
0.105877
0.00206576
0.00810123
0.0382831
0.000451703
0.015366
0.270255
0.402403
0.000609212
0.155773
0.686912
0.32404
0.999953
0.509633
0.00017446
0.514964
0.999994
0.681377
0.00368817
0.131682
0.999908
0.993731
0.477883
0.581464
0.999808
0.945045
0.338092
0.100313
0.000223373
0.000263346
8.67149e-005
3.56061e-005
0.00021474
0.000358358
0.000125315
3.4119e-005
0.000225521
0.000347734
0.000124314
2.75826e-005
0.000192261
0.000240666
7.69814e-005
3.01047e-005
0.280292
0.000273954
0.0750001
0.991638
0.68742
0.000688246
0.0166168
0.518208
0.982168
0.00082129
0.000142393
0.0158736
0.62092
5.53199e-005
3.67585e-006
0.457324
0.000831622
0.000782557
0.000342753
0.00018574
0.000733351
0.00106231
0.000483733
0.000187976
0.000872288
0.000959278
0.000467332
0.00015794
0.000792255
0.000862386
0.000348289
0.00016506
1
0.999415
0.999251
1
1
0.999988
0.999946
1
1
0.999999
1
1
1
1
1
1
2.65574e-005
0.98952
0.872508
0.0015925
3.325e-009
0.743462
0.981613
0.0142749
1.96382e-006
0.903243
0.73802
0.000798214
2.90373e-005
0.700741
0.821692
0.00055735
0.371833
0.999907
0.999914
0.292811
0.00780626
0.999108
0.999969
0.530129
0.119851
0.986741
0.995123
0.320432
0.275056
0.978604
0.999036
0.307312
