0.995201
0.99712
0.999569
0.999996
0.999976
0.986187
0.995592
0.999963
1
0.835668
0.553699
0.997984
0.999999
0.591142
0.79235
0.999924
0.000156692
0.000225537
5.95058e-005
2.74174e-005
0.000132342
0.00027248
0.00010496
3.15948e-005
0.000173821
0.000246872
6.91413e-005
1.9044e-005
0.000184265
0.000178897
5.61727e-005
2.60988e-005
0.000194122
0.659319
0.988298
5.11041e-005
3.51136e-009
0.509127
0.999342
0.227634
2.31004e-010
0.847402
0.999998
0.538321
3.98111e-005
0.988931
0.999922
0.244771
0.000868449
0.0013868
0.000368812
0.000142345
0.000726092
0.00172582
0.000586057
0.000147835
0.000978122
0.00175718
0.000425253
9.68933e-005
0.00103683
0.000978231
0.000280585
0.000106202
7.10587e-009
9.90515e-016
8.71162e-015
2.48448e-011
1.60503e-006
1.40095e-014
8.8387e-016
4.60447e-012
4.81307e-007
4.54157e-015
2.52699e-014
5.58942e-011
3.45967e-008
1.68952e-015
2.64168e-014
6.09367e-012
1
1
1
1
1
1
1
1
1
1
1
1
1
1
1
1
1.29378e-005
1.67299e-007
0.00801513
0.0571706
0.220848
1.43798e-006
0.000106172
0.00441787
0.327884
9.63909e-007
4.64018e-006
0.148483
0.116221
4.19101e-007
5.0864e-005
0.654306
1
1
1
1
1
1
1
1
1
1
1
1
1
1
1
0.999999
0.467553
0.00119334
0.0189579
0.00318284
0.0820877
0.000972649
0.0029232
0.0872754
0.000510831
0.00753673
0.516372
0.515371
0.000304355
0.0671991
0.678571
0.233788
0.999958
0.675119
0.000303661
0.500364
0.99991
0.958447
0.00583021
0.139326
0.998593
0.99916
0.649285
0.734568
0.997663
0.874833
0.185032
0.0885828
0.000155156
0.000220594
9.3666e-005
3.81803e-005
0.000144488
0.000298557
0.000133766
3.67381e-005
0.00019141
0.000288199
0.000108869
2.76096e-005
0.000174467
0.000188602
6.59531e-005
3.00268e-005
0.188619
0.00226137
0.0327641
0.979588
0.969301
0.0067391
0.0293641
0.506057
0.998172
0.000311454
0.000145641
0.0152289
0.797327
4.85571e-005
5.44808e-005
0.57204
0.000642701
0.000720623
0.000365938
0.000190913
0.000557195
0.000936481
0.000495098
0.000203612
0.000765718
0.000832802
0.000413995
0.000156913
0.000798231
0.000701511
0.000323047
0.000165353
1
0.999972
0.999315
1
1
0.999996
0.999933
1
1
1
1
1
1
0.999999
0.999998
1
2.38783e-007
0.647279
0.93111
0.0180457
3.96527e-010
0.508427
0.987645
0.027982
2.25556e-007
0.676553
0.558439
2.9783e-005
8.23385e-006
0.747632
0.732136
0.00107765
0.2962
0.998842
0.999918
0.355699
0.00295524
0.992928
0.999917
0.550281
0.0460999
0.940989
0.95894
0.256107
0.405303
0.967256
0.999424
0.448212
