0.994194
0.997283
0.999461
0.999997
0.999961
0.978363
0.996733
0.999903
1
0.950266
0.714072
0.999697
0.999999
0.579524
0.709177
0.999799
0.000163553
0.000213593
5.62112e-005
2.38238e-005
0.000136321
0.000252678
9.67184e-005
2.42668e-005
0.000190572
0.00027875
7.9692e-005
1.48233e-005
0.000199927
0.000230868
7.52688e-005
2.26827e-005
0.000150757
0.679137
0.991309
0.000103387
9.55891e-009
0.52064
0.998737
0.257033
3.23573e-011
0.6398
0.999996
0.557582
7.42993e-006
0.909891
0.999994
0.387449
0.000905404
0.00130174
0.000336404
0.000123849
0.00076346
0.00157441
0.000542902
0.000111076
0.00102423
0.00201658
0.000496121
7.73307e-005
0.00112925
0.00128946
0.000379357
9.09551e-005
6.08798e-009
1.29702e-015
8.32517e-015
3.20746e-011
4.07432e-006
1.09063e-014
1.44323e-015
6.29824e-012
9.6854e-007
6.1564e-015
5.1042e-015
7.46011e-011
4.06874e-008
2.79501e-015
4.34681e-015
2.11389e-011
1
1
1
1
1
1
1
1
1
1
1
1
1
1
1
1
6.29172e-006
1.42598e-007
0.0208753
0.140422
0.211461
1.41271e-006
0.000191535
0.00673776
0.412203
6.00248e-007
4.7169e-006
0.260089
0.287652
3.79713e-007
2.35318e-006
0.500875
1
1
1
1
1
1
1
1
1
1
1
0.999999
1
1
1
0.999998
0.486025
0.00109907
0.036835
0.0019717
0.100689
0.00160135
0.00290379
0.118781
0.000986733
0.00286698
0.317612
0.539112
0.000152054
0.0438963
0.68423
0.354656
0.999914
0.611594
0.000245182
0.506481
0.999963
0.898184
0.00260088
0.155186
0.998123
0.997679
0.3953
0.23727
0.996026
0.977641
0.168131
0.0425002
0.000163751
0.000207995
8.61615e-005
3.52009e-005
0.00015016
0.000279737
0.000127066
2.80534e-005
0.000204153
0.000317533
0.000126245
2.26758e-005
0.000193247
0.000235198
8.52621e-005
2.7341e-005
0.15201
0.00128236
0.0314787
0.974664
0.946764
0.00546083
0.026922
0.359942
0.999268
0.000961441
0.000179886
0.0183019
0.894221
0.000197098
6.13322e-006
0.379266
0.000662961
0.000692864
0.000332629
0.000176195
0.000581006
0.000891136
0.000480463
0.000170809
0.000812177
0.00090717
0.000466812
0.000136827
0.00084738
0.000838681
0.000388792
0.000149599
1
0.999955
0.999241
1
1
0.999993
0.999841
1
1
0.999999
0.999999
1
1
1
0.999999
1
4.95345e-007
0.737761
0.922825
0.00789968
3.63381e-010
0.509292
0.988652
0.0473532
1.1381e-007
0.646137
0.75338
0.00142897
3.60616e-006
0.661826
0.833367
0.004053
0.327512
0.999239
0.999901
0.311181
0.00106892
0.995223
0.999906
0.516377
0.0633268
0.984438
0.995106
0.38344
0.333228
0.958707
0.999853
0.470165
