0.999127
0.992097
0.99962
0.999994
0.999914
0.961386
0.995985
0.999998
0.999999
0.738388
0.649874
0.999039
0.999978
0.502834
0.856948
0.999948
0.000237208
0.000216491
4.86593e-005
2.88473e-005
0.000206595
0.000284632
8.38098e-005
3.46052e-005
0.000191886
0.00022614
5.85886e-005
2.13135e-005
0.000193554
0.000170562
5.40516e-005
2.90315e-005
0.000248781
0.991816
0.912974
1.69323e-006
7.16684e-007
0.934322
0.995868
0.0189744
6.93832e-008
0.985473
0.999996
0.503667
0.000280864
0.998138
0.999335
0.160083
0.00136931
0.00140476
0.000290469
0.000151417
0.00113022
0.00180675
0.000467561
0.000163134
0.00117584
0.00164923
0.000365977
0.000112675
0.0010322
0.000936154
0.000246208
0.000124614
4.13291e-009
6.99873e-017
1.53583e-014
1.59134e-011
7.40626e-007
1.37272e-015
1.43625e-015
3.67481e-012
6.71508e-008
1.12688e-015
2.20261e-014
6.89356e-011
8.15912e-009
2.60822e-015
7.80613e-015
7.00535e-012
1
1
1
1
1
1
1
1
1
1
1
1
1
1
1
1
2.72265e-006
9.05593e-007
0.00236081
0.0293918
0.0267328
3.02194e-006
5.99423e-005
0.00298986
0.124572
8.38955e-007
8.18228e-006
0.175558
0.016785
1.50098e-006
0.000111914
0.710412
1
1
1
1
1
1
1
1
1
1
1
1
1
1
1
0.999999
0.304774
0.00268893
0.0128742
0.00278827
0.102223
0.00204045
0.0180124
0.03271
0.000525848
0.0533777
0.470484
0.403582
0.000743885
0.159313
0.627019
0.213318
0.999961
0.510682
0.000225173
0.609694
0.999991
0.650909
0.00568356
0.255585
0.999911
0.995772
0.608001
0.902877
0.999742
0.767458
0.110467
0.0540792
0.000211666
0.000241541
7.84365e-005
3.99249e-005
0.000205238
0.000317629
0.000109343
3.98281e-005
0.00020823
0.000280845
9.37133e-005
3.04865e-005
0.00017508
0.000178983
6.21424e-005
3.46305e-005
0.257971
0.000236564
0.114818
0.989726
0.651561
0.000459228
0.0307926
0.575532
0.961538
0.000209612
0.000119393
0.03165
0.612656
2.11214e-005
0.000310489
0.658272
0.000793892
0.000736462
0.0003286
0.000201105
0.000711632
0.000966456
0.000434491
0.000208476
0.000827041
0.000771409
0.000381371
0.000171107
0.0007565
0.000702973
0.000297586
0.000183712
1
0.999683
0.999586
1
1
0.999989
0.999963
1
1
0.999999
1
1
1
0.999998
0.999998
1
2.09867e-005
0.991782
0.824159
0.000605999
5.6728e-009
0.810872
0.9312
0.00236416
5.5215e-006
0.944592
0.479421
7.95271e-006
2.99273e-005
0.823452
0.688833
0.000270824
0.368715
0.999889
0.999805
0.285574
0.00903023
0.999138
0.999947
0.528577
0.118708
0.965686
0.974628
0.169211
0.232796
0.97932
0.999442
0.349329
