0.996399
0.999991
1
1
0.998539
0.999976
0.999998
1
1
0.998743
0.969092
0.991197
1
0.82189
0.00312807
4.82526e-005
1.83407e-005
1.32038e-005
1.13079e-005
4.62132e-006
2.60945e-005
1.84222e-005
1.10055e-005
4.97699e-006
2.67155e-005
2.22058e-005
1.04121e-005
6.36193e-006
4.65629e-005
2.75143e-005
1.01971e-005
5.10889e-006
0.551235
0.399643
0.0298041
2.68141e-006
0.00641631
0.323073
0.302363
0.00753393
7.94392e-010
0.369446
0.860523
0.456961
0.229212
0.557882
1
0.502886
8.24309e-005
5.80837e-005
4.10517e-005
1.7981e-005
8.22523e-005
9.55763e-005
3.96682e-005
2.01055e-005
0.000104519
0.000112125
5.03376e-005
2.50255e-005
0.000212958
0.000111876
3.11e-005
1.34443e-005
7.42113e-009
6.47179e-012
1.17826e-008
3.20315e-008
5.33677e-008
3.24271e-010
1.30465e-010
2.26288e-010
7.00663e-010
4.55188e-010
3.28932e-008
3.11105e-005
1.70583e-011
4.03066e-010
0.000129918
0.377903
1
1
1
1
1
1
1
1
1
1
1
1
1
1
0.999997
0.999999
0.0216404
0.0211273
0.998922
0.999574
0.145344
0.00766085
0.533664
0.626547
0.504912
0.0309281
0.0129133
0.561953
0.00838061
0.00349664
1.60614e-005
0.241479
0.999934
0.99954
0.672334
0.882528
0.99609
0.99998
0.999951
0.999009
0.999924
0.999997
0.95564
0.446557
1
0.999993
0.379727
4.2608e-005
0.96502
0.0117711
3.0854e-006
0.000503249
0.556565
0.236588
0.100137
0.0964071
0.000237949
0.0614374
0.949121
0.825608
0.0738149
0.909657
1
1
0.274224
6.46948e-006
2.34297e-006
0.0420424
0.632344
0.158417
0.00193718
0.0284995
0.212155
0.79092
0.698785
0.612453
0.0614667
0.855675
0.998955
1
2.17009e-005
2.29493e-005
2.03837e-005
8.5633e-006
3.14324e-005
2.80669e-005
1.51824e-005
6.80534e-006
3.73063e-005
3.50484e-005
2.29934e-005
1.1196e-005
4.62238e-005
3.61857e-005
2.24185e-005
1.45902e-005
0.244786
0.577696
0.690187
0.99947
0.382588
0.115531
0.270743
0.28646
0.999865
0.226175
0.00170408
0.0449061
0.418613
0.000529098
1.78831e-011
7.36816e-007
0.000131291
9.70474e-005
9.70352e-005
6.07152e-005
0.000157714
0.000144497
0.000105412
5.29847e-005
0.000174937
0.000164444
0.000121032
7.45343e-005
0.000249877
0.000172967
9.12349e-005
6.51205e-005
0.999999
0.656697
0.256464
0.999644
1
0.999762
0.996497
0.999999
0.991911
0.999992
0.999999
1
0.999961
1
1
1
0.000253352
0.265452
0.0597457
9.82409e-008
7.57761e-008
0.00449313
0.0284414
6.01528e-005
0.000170027
0.00211503
0.0173606
4.90156e-008
0.379498
0.469774
0.75986
1.40162e-005
0.468414
0.992477
0.978776
0.0698012
0.0038458
0.517051
0.888592
0.417554
0.848821
0.789175
0.682921
0.00236559
0.997036
0.885873
0.875303
2.61419e-007
