0.996127
0.999999
1
1
0.997346
0.999943
0.999999
1
1
0.994562
0.928031
0.911752
1
0.87542
0.0292737
0.000751016
1.68519e-005
1.33331e-005
1.07751e-005
4.04889e-006
2.33823e-005
1.78746e-005
9.75801e-006
4.4009e-006
2.13943e-005
1.90869e-005
9.58327e-006
6.45283e-006
4.36156e-005
2.39736e-005
1.00262e-005
5.86134e-006
0.34083
0.547694
0.0211769
2.24718e-005
0.000968479
0.474684
0.344079
0.00473697
1.39895e-008
0.305603
0.817692
0.368898
0.186251
0.506647
1
0.501429
8.69158e-005
5.44849e-005
3.95366e-005
1.62261e-005
7.96542e-005
9.64332e-005
3.48321e-005
1.84493e-005
9.10946e-005
9.45793e-005
4.47364e-005
2.56005e-005
0.000188207
9.853e-005
2.75021e-005
1.37954e-005
2.49995e-008
9.07805e-012
9.59004e-008
5.76085e-008
1.68594e-007
8.55609e-011
1.76586e-010
2.25807e-010
1.62665e-009
9.87187e-010
3.59597e-008
0.000158955
2.92199e-011
7.29345e-010
0.000926556
0.643564
1
1
1
1
1
1
1
1
1
1
1
1
1
1
0.999996
0.999999
0.0496288
0.218754
0.998711
0.999534
0.197672
0.0186974
0.465551
0.609395
0.497139
0.0665776
0.0441026
0.602365
0.0027931
0.00406286
5.62776e-006
0.28081
0.999895
0.999139
0.553208
0.856612
0.991261
0.999956
0.999937
0.998891
0.999806
0.999995
0.906591
0.416302
1
0.999973
0.406277
1.67976e-005
0.720611
0.00142473
3.51405e-007
0.00236138
0.541732
0.237143
0.115272
0.139329
0.00110494
0.292976
0.946418
0.822828
0.0131851
0.766286
1
1
0.229671
5.00349e-006
1.17119e-005
0.0558022
0.671473
0.14147
0.00207161
0.0156433
0.328312
0.802343
0.630451
0.654231
0.0434054
0.653227
0.992508
1
2.35606e-005
2.35341e-005
2.04665e-005
7.55419e-006
3.15235e-005
2.70627e-005
1.38939e-005
6.08754e-006
3.22205e-005
3.10347e-005
2.05355e-005
1.19937e-005
3.94565e-005
3.35721e-005
2.26405e-005
1.62898e-005
0.323598
0.822903
0.868408
0.994875
0.628374
0.0711484
0.0700552
0.263976
0.999789
0.0737166
0.00152044
0.0482662
0.306928
0.000198834
2.59585e-011
7.76613e-007
0.000133452
9.87337e-005
0.000100231
5.76518e-005
0.000158422
0.000138264
9.60367e-005
4.78481e-005
0.000162147
0.000146869
0.000111205
7.66797e-005
0.000238058
0.000149371
8.7272e-005
7.22611e-005
0.999932
0.514625
0.230946
0.999524
1
0.999755
0.999588
0.999998
0.998778
0.999997
0.999999
1
0.999491
0.999991
0.999999
1
0.00140199
0.400328
0.0279905
1.41698e-007
2.63932e-009
0.00377432
0.0312054
2.64735e-005
1.8375e-005
0.000312361
0.00833948
9.18319e-009
0.474547
0.490597
0.782376
4.07727e-005
0.479804
0.999309
0.882979
0.0974313
0.00030187
0.576681
0.896709
0.351121
0.709537
0.545592
0.637148
0.000834429
0.994488
0.792641
0.961663
1.76402e-006
