0.971548
0.999717
1
1
0.911576
0.997816
0.999997
1
1
0.999979
0.99978
0.999948
1
0.97158
0.0730964
0.625531
2.15729e-005
1.56743e-005
1.30492e-005
4.34863e-006
1.53745e-005
1.54427e-005
9.79379e-006
3.79447e-006
1.15323e-005
1.42193e-005
7.74551e-006
5.07626e-006
2.42281e-005
1.88223e-005
1.26818e-005
8.50693e-006
0.773439
0.92452
0.447698
1.23137e-005
0.0127656
0.523713
0.303301
0.000893897
2.31441e-007
0.0119338
0.529124
0.00897852
0.334883
0.487056
0.999925
0.0969181
0.000111405
6.59415e-005
4.41986e-005
1.69446e-005
6.21e-005
6.98855e-005
3.20896e-005
1.47208e-005
5.38272e-005
5.78374e-005
3.57269e-005
2.02288e-005
9.52424e-005
7.42615e-005
3.01742e-005
1.98579e-005
8.23946e-009
9.04148e-012
2.42838e-007
2.47611e-007
4.96711e-008
9.30999e-011
1.0518e-008
7.14414e-010
5.86406e-009
1.02789e-010
4.65799e-007
3.41979e-005
4.83145e-010
1.12912e-009
0.00167341
0.37348
1
1
1
1
1
1
1
1
1
1
1
1
1
1
1
1
0.0258505
0.00797744
0.98588
0.999399
0.20028
0.00688792
0.475924
0.796727
0.072901
0.0790915
0.0695664
0.945799
0.00172505
0.00164674
0.00248297
0.917733
0.999987
0.998533
0.160096
0.493319
0.986073
0.998222
0.984721
0.981508
0.99651
0.999764
0.785132
0.312542
0.999999
0.999611
0.201038
6.04384e-005
0.905906
0.00989362
3.42127e-006
0.000353516
0.861375
0.782791
0.165041
0.234853
0.0290516
0.589817
0.909282
0.804729
0.311647
0.97981
1
0.999999
0.304419
4.91278e-005
1.90516e-006
0.04382
0.905153
0.165357
0.0123466
0.0546432
0.115315
0.425557
0.627464
0.509751
0.0103361
0.704499
0.997695
0.999991
2.8508e-005
2.59959e-005
2.67882e-005
9.03962e-006
2.44702e-005
2.2926e-005
1.39855e-005
5.58096e-006
1.76631e-005
2.34275e-005
1.68433e-005
9.04663e-006
2.38394e-005
3.05702e-005
2.57591e-005
1.94271e-005
0.0585483
0.360753
0.714693
0.999138
0.13781
0.0392473
0.169803
0.288932
0.994866
0.006708
0.000507951
0.132418
0.300693
7.72192e-005
2.32172e-008
0.00981181
0.000156932
9.84209e-005
0.000102798
6.09426e-005
0.000133125
0.000117592
9.93874e-005
4.49911e-005
0.000112638
0.000110798
9.75481e-005
6.40914e-005
0.000168176
0.000127939
0.000114218
8.97484e-005
0.999999
0.686267
0.156479
0.994425
1
0.999928
0.999904
0.999993
0.998722
0.999875
0.999999
1
0.998766
0.999998
0.999998
0.999997
0.00154318
0.502484
0.234678
2.33572e-008
4.8302e-010
1.73525e-005
0.000112042
7.92002e-007
1.63642e-005
0.000233038
0.00335782
1.04862e-009
0.407917
0.457403
0.447131
1.26776e-006
0.42152
0.999591
0.901967
0.0300273
1.57467e-005
0.418686
0.760508
0.0492163
0.718638
0.893081
0.566525
0.000174669
0.990156
0.842258
0.51654
5.18017e-008
