0.997227
0.999997
1
1
0.997192
0.999977
0.999999
1
1
0.99999
0.999836
0.99998
1
0.938906
0.12425
0.00714222
1.74738e-005
1.25683e-005
1.12998e-005
4.65484e-006
1.6717e-005
1.18934e-005
8.40027e-006
4.09349e-006
1.732e-005
1.50839e-005
7.30079e-006
4.94572e-006
2.87348e-005
2.1589e-005
9.72383e-006
5.51622e-006
0.680192
0.571462
0.0194878
5.90603e-007
0.00400146
0.416337
0.12352
0.000158589
1.07072e-008
0.146224
0.524828
0.0223287
0.00783136
0.609712
0.999982
0.282975
7.80517e-005
4.68503e-005
3.7584e-005
1.78317e-005
6.32442e-005
5.91124e-005
2.86287e-005
1.63367e-005
7.20949e-005
6.96553e-005
3.53576e-005
2.05446e-005
0.000126601
8.08231e-005
3.00411e-005
1.58402e-005
7.42457e-010
1.06837e-010
2.51157e-007
1.39075e-007
3.97469e-008
3.55396e-011
8.60024e-009
1.08451e-009
1.59232e-009
2.48988e-011
1.9048e-007
2.82405e-006
5.67998e-010
4.15519e-011
3.68758e-005
0.349247
1
1
1
1
1
1
1
1
1
1
1
1
1
1
1
1
0.0170294
0.155353
0.999834
0.99985
0.332607
0.0661902
0.773216
0.773373
0.44293
0.0551965
0.199788
0.810467
0.0105747
0.0015131
0.00145847
0.467949
0.999933
0.890692
0.187209
0.753795
0.970841
0.999712
0.998594
0.998187
0.996334
0.999983
0.925959
0.628149
1
0.999983
0.276826
0.000761958
0.822967
0.00554829
1.01677e-005
4.67386e-005
0.802143
0.251088
0.0417573
0.101161
0.0100668
0.249398
0.864897
0.717615
0.0761111
0.870507
1
1
0.0193851
3.82121e-007
7.67977e-006
0.0699255
0.669906
0.0592739
0.00244144
0.0375726
0.188785
0.328901
0.557127
0.499242
0.0270731
0.79114
0.999795
1
2.30158e-005
2.04349e-005
2.08369e-005
9.02797e-006
2.6251e-005
1.85485e-005
1.2689e-005
5.71357e-006
2.65074e-005
2.4722e-005
1.55966e-005
8.76229e-006
2.8781e-005
3.25033e-005
2.14273e-005
1.4153e-005
0.249452
0.480696
0.732184
0.999885
0.41457
0.233875
0.46716
0.581651
0.995916
0.0381354
0.000983404
0.203202
0.499613
0.000236495
2.06782e-009
0.000132612
0.000136213
9.37721e-005
9.30179e-005
6.18533e-005
0.000133042
0.000106616
8.75374e-005
4.86394e-005
0.000145148
0.000123464
8.93033e-005
6.52158e-005
0.000185557
0.000149044
9.24184e-005
7.16646e-005
0.999965
0.500664
0.222999
0.999675
1
0.986629
0.988416
0.999997
0.999612
0.999929
0.999999
1
0.999703
0.999999
1
1
0.00215795
0.413367
0.025158
5.16616e-008
8.10064e-010
0.000382692
0.000143051
2.2719e-006
1.33166e-006
0.00156103
0.00720903
2.40358e-008
0.0998075
0.392589
0.473307
5.87469e-008
0.561536
0.999975
0.826544
0.0253322
6.12587e-005
0.661972
0.618401
0.199493
0.601225
0.922424
0.520933
0.00307475
0.963637
0.970856
0.522934
1.56594e-010
