0.913546
0.999841
1
1
0.892485
0.999714
0.999999
1
1
0.999978
0.999286
0.998663
1
0.90427
0.0220394
0.0393384
2.61319e-005
1.90746e-005
1.5964e-005
5.20814e-006
2.13567e-005
1.77142e-005
1.13931e-005
4.66612e-006
2.17304e-005
2.14816e-005
9.43759e-006
6.17513e-006
4.83456e-005
3.3574e-005
1.35787e-005
6.94738e-006
0.776038
0.772663
0.405181
2.7274e-006
0.101819
0.483978
0.388985
0.000529292
2.78406e-010
0.0991906
0.604687
0.216373
0.0389074
0.658183
0.999999
0.468806
0.000126692
7.89706e-005
5.21176e-005
1.947e-005
7.74301e-005
8.59275e-005
3.6538e-005
1.81481e-005
8.81493e-005
9.25173e-005
4.43078e-005
2.48828e-005
0.000194182
0.000132023
3.61464e-005
1.70029e-005
3.12553e-008
3.7868e-012
9.15214e-008
8.58584e-008
2.72677e-007
1.47225e-010
1.68347e-009
2.69954e-010
2.05626e-009
1.56561e-010
9.17868e-008
2.97223e-005
3.55975e-011
7.83158e-010
0.000121347
0.305023
1
1
1
1
1
1
1
1
1
1
1
1
1
1
1
1
0.0127883
0.0130191
0.994521
0.999611
0.363568
0.00993001
0.467167
0.729804
0.506746
0.026547
0.0281488
0.786645
0.0572693
0.00492305
0.000157236
0.289584
0.999971
0.998786
0.263076
0.701356
0.943471
0.999419
0.998151
0.997992
0.99771
0.999981
0.918243
0.432491
1
0.999983
0.410895
5.66862e-005
0.980562
0.006519
2.8039e-006
0.000239599
0.661097
0.398553
0.0959489
0.116043
0.00044889
0.162732
0.915804
0.798665
0.0230864
0.852009
1
1
0.333901
0.000104375
4.79201e-006
0.073301
0.851171
0.0796225
0.00604651
0.0370318
0.106457
0.266958
0.617891
0.572325
0.143133
0.831513
0.98543
1
3.19108e-005
3.24901e-005
2.96774e-005
1.00327e-005
3.24074e-005
2.76832e-005
1.54309e-005
6.48969e-006
3.14124e-005
3.3322e-005
2.01231e-005
1.08577e-005
4.69821e-005
4.54328e-005
2.7505e-005
1.73597e-005
0.0711657
0.441557
0.716828
0.999782
0.371074
0.216313
0.205436
0.429559
0.999967
0.297246
0.00123057
0.0657155
0.495933
0.00312909
8.90053e-010
3.63774e-006
0.000177252
0.000115264
0.000119965
6.71305e-005
0.00015994
0.000135646
0.000104354
5.14479e-005
0.000160913
0.000162612
0.00011003
7.29186e-005
0.00025595
0.000201572
0.000113643
7.61202e-005
0.999999
0.693496
0.301724
0.999673
1
0.999924
0.999815
0.999996
0.982415
0.999707
0.999999
1
0.998752
0.999999
0.999999
1
0.00177489
0.435292
0.167228
3.4662e-008
6.32465e-010
0.00022742
0.000457009
1.85156e-006
3.58768e-005
0.00630695
0.0337689
7.13993e-009
0.348124
0.617063
0.731809
0.000123907
0.429614
0.994414
0.914617
0.0277036
2.54869e-005
0.504625
0.783678
0.177261
0.759117
0.986325
0.656705
0.000358219
0.996024
0.870526
0.792373
2.37635e-006
