0.387613
0.419593
0.805994
0.989639
0.525038
0.483347
0.665444
0.683881
0.992457
0.839862
0.255724
0.148319
0.995625
0.0334333
0.00520577
0.269656
0.00170718
0.00169019
0.00139948
0.000948507
0.00114635
0.00132458
0.00130593
0.00128939
0.000893167
0.0011609
0.000754453
0.000582781
0.000882382
0.000816726
0.000271481
0.00011566
0.940762
0.963381
0.950585
0.751173
0.518897
0.993086
0.933459
0.68413
0.00887346
0.735848
0.998466
0.995362
0.180791
0.991275
1
0.97711
0.0149453
0.0150756
0.012211
0.00753606
0.00885435
0.011544
0.0105131
0.01138
0.00685128
0.00990207
0.006436
0.00464887
0.00685448
0.00620459
0.00184762
0.000624352
1.32545e-014
8.9189e-015
7.36741e-015
1.70705e-015
5.79636e-014
1.12838e-014
3.65879e-014
2.72213e-014
1.1087e-013
2.79484e-015
3.75447e-014
4.2747e-013
1.59974e-013
6.87057e-015
8.04695e-015
2.88726e-012
1
1
1
1
1
1
1
1
1
1
1
1
1
1
1
1
9.3119e-009
2.58539e-008
2.58842e-008
5.89997e-008
1.14497e-008
7.02987e-008
2.02062e-007
1.46792e-008
2.02183e-008
2.86985e-008
1.9088e-006
1.31682e-007
4.43687e-008
1.02156e-008
1.98076e-007
3.99461e-006
1
1
1
1
1
1
1
1
1
1
1
1
1
1
1
1
0.00438945
0.00157874
0.00175997
0.000839545
0.0297553
0.0013747
0.00366859
0.00511672
0.00380215
0.000643527
0.00279517
0.197064
0.00126935
0.0167547
0.429935
0.878441
0.999831
0.999656
0.994396
0.491788
0.999983
0.999766
0.999079
0.999407
0.999928
0.998416
0.999732
0.999989
0.999902
0.999914
0.988024
0.997212
0.00181113
0.00200685
0.00162325
0.0010525
0.00110886
0.00159316
0.00153791
0.00145822
0.000851916
0.00136802
0.00102413
0.000641437
0.000858891
0.000906615
0.000342671
0.000132842
1.26005e-005
9.53738e-006
7.64867e-005
0.00342745
0.000139935
8.72978e-006
6.06444e-005
5.08865e-005
0.00244188
0.000429416
2.85143e-005
4.7642e-005
0.00805141
3.2795e-006
9.90086e-007
6.0207e-005
0.0037563
0.0038359
0.00332377
0.0023305
0.00253815
0.00321751
0.00316506
0.00305447
0.00219056
0.00277363
0.00236021
0.00162297
0.00218518
0.00228276
0.00104435
0.000501758
1
1
0.999999
0.996686
1
1
1
1
1
1
1
1
1
1
1
1
0.5583
0.922661
0.977222
0.963841
0.00425944
0.813458
0.71754
0.500014
0.0384148
0.989838
0.797833
0.107771
0.25649
0.798945
0.77474
7.47218e-005
0.999726
0.999791
0.999963
0.999999
0.99799
0.999895
0.999771
0.999637
0.999183
0.999937
0.974774
0.58034
0.998318
0.996854
0.801292
0.468093
