0.27936
0.336162
0.838587
0.99062
0.682718
0.528007
0.645384
0.608261
0.999501
0.665569
0.192281
0.112705
0.930692
0.0262058
0.0873599
0.509834
0.00159315
0.00153946
0.0012693
0.000936522
0.00105725
0.00118131
0.00108435
0.0010675
0.000924329
0.00104012
0.000531818
0.000381407
0.00102132
0.000722632
0.000204157
8.01614e-005
0.89844
0.99425
0.856963
0.500343
0.261425
0.9937
0.915587
0.736995
0.00896627
0.797103
0.999704
0.996999
0.318171
0.999583
0.999993
0.76985
0.0133657
0.0134773
0.0102334
0.00724078
0.00818829
0.0102293
0.00876217
0.00951819
0.00722664
0.00829213
0.00442061
0.00276297
0.00793557
0.00557532
0.00119641
0.000379498
1.71756e-014
9.33147e-015
6.98137e-015
2.89777e-015
1.3092e-013
4.02187e-015
9.15555e-014
4.82425e-014
9.74746e-014
2.08768e-015
3.99662e-014
1.5602e-012
8.73366e-014
3.37631e-015
1.19275e-014
3.47028e-012
1
1
1
1
1
1
1
1
1
1
1
1
1
1
1
1
1.4639e-008
5.08898e-008
4.39244e-008
4.86643e-008
1.06027e-008
8.83318e-008
4.89673e-007
1.69261e-008
4.73509e-008
1.90171e-008
3.53658e-006
3.92199e-007
5.54788e-008
9.90001e-009
1.86787e-007
1.42968e-005
1
1
1
1
1
1
1
1
1
1
1
1
1
1
1
1
0.011348
0.00228293
0.00389393
0.000689023
0.0281569
0.00117969
0.00508045
0.0201937
0.00050245
0.00174896
0.013762
0.473332
0.002255
0.0207816
0.536473
0.668635
0.99992
0.999658
0.987609
0.581941
0.999986
0.999324
0.999231
0.999833
0.999774
0.997435
0.999693
0.999996
0.999882
0.997934
0.78991
0.89896
0.00163249
0.00180174
0.00140016
0.00100852
0.00103736
0.0014503
0.00132393
0.0012083
0.000885961
0.00121281
0.000726533
0.000412967
0.00101508
0.000800362
0.00024187
8.28027e-005
3.04188e-005
5.23391e-006
0.000146411
0.00138941
0.000793884
1.54319e-005
6.59352e-005
7.23054e-005
0.00747574
0.000507012
3.3556e-005
6.83919e-005
0.00997185
4.90749e-007
3.05672e-006
0.00116723
0.00344509
0.0036193
0.00297492
0.00231345
0.00245502
0.00292603
0.00286565
0.00266184
0.00228136
0.00254863
0.00179464
0.00113321
0.00247572
0.0021777
0.000852342
0.000389194
1
1
1
0.999285
1
1
1
1
1
0.999999
1
1
1
1
1
1
0.310561
0.863201
0.934911
0.836681
0.00576134
0.911221
0.523544
0.290881
0.243421
0.996783
0.692041
0.0189763
0.369173
0.90537
0.625395
0.000125234
0.998191
0.999656
0.999956
0.999996
0.996319
0.999963
0.998522
0.996498
0.999112
0.999885
0.860481
0.357398
0.998811
0.998261
0.797354
0.502845
