0.309478
0.282634
0.785245
0.971503
0.613769
0.477271
0.582018
0.614025
0.998242
0.851777
0.205071
0.160345
0.996847
0.0247629
0.00661622
0.303294
0.00161399
0.00165041
0.0013508
0.000996949
0.00103428
0.00122831
0.00117488
0.00109055
0.000782208
0.00103817
0.000609375
0.000432612
0.000808293
0.000693906
0.000214336
7.81891e-005
0.916007
0.984359
0.949014
0.611403
0.35688
0.989401
0.963843
0.763767
0.00267283
0.689657
0.99952
0.998237
0.249584
0.995943
1
0.990085
0.0138075
0.0144104
0.0115733
0.0076839
0.00783375
0.0107267
0.00927157
0.00973646
0.00592964
0.00861521
0.00495316
0.00318385
0.00620227
0.00520844
0.00140694
0.000406945
1.82284e-014
9.08958e-015
7.06549e-015
2.42908e-015
1.03533e-013
1.00701e-014
4.60541e-014
4.22166e-014
1.08348e-013
4.16687e-015
3.81977e-014
3.17342e-013
1.51041e-013
6.10898e-015
6.45683e-015
2.33654e-012
1
1
1
1
1
1
1
1
1
1
1
1
1
1
1
1
1.4195e-008
4.00613e-008
4.51933e-008
2.16454e-008
1.67549e-008
7.15192e-008
2.65645e-007
1.76728e-008
1.83066e-008
4.08489e-008
2.35334e-006
3.25611e-007
1.51944e-008
1.93908e-008
1.70968e-007
3.55615e-006
1
1
1
1
1
1
1
1
1
1
1
1
1
1
1
1
0.00784074
0.00219771
0.00270284
0.00101776
0.0318235
0.00184245
0.00562256
0.00994511
0.00187813
0.000631363
0.00602157
0.295869
0.00191235
0.025702
0.496834
0.90711
0.999903
0.999833
0.992113
0.655843
0.999989
0.999768
0.999262
0.999817
0.999913
0.998424
0.999588
0.999989
0.999814
0.999788
0.967901
0.986845
0.00166955
0.00193589
0.00152961
0.00106453
0.000997528
0.00147649
0.00142674
0.00123849
0.000747448
0.00122817
0.000835463
0.000466619
0.000778619
0.000797579
0.000270185
9.28418e-005
1.92617e-005
5.47904e-006
0.000112449
0.000462346
0.000418505
1.02329e-005
6.21347e-005
3.98495e-005
0.00654072
0.000366557
2.04472e-005
5.35974e-005
0.00905524
1.07965e-006
1.4959e-006
5.19633e-005
0.0035296
0.00378206
0.00320447
0.00239673
0.00234118
0.00304767
0.00295712
0.00272274
0.00193179
0.00248799
0.00203383
0.0012836
0.00209495
0.00204752
0.000880013
0.000396625
1
1
1
0.999796
1
1
1
1
1
1
1
1
1
1
1
1
0.3621
0.845341
0.980815
0.855281
0.00118051
0.775515
0.668396
0.316139
0.046278
0.987127
0.80581
0.0720657
0.259927
0.836339
0.843252
8.87436e-005
0.998658
0.999616
0.999934
0.999993
0.994655
0.999911
0.999582
0.998581
0.998827
0.99967
0.966836
0.487292
0.998691
0.996323
0.808766
0.475901
