0.367437
0.330279
0.791834
0.968644
0.694593
0.603565
0.622654
0.584018
0.997661
0.757166
0.215572
0.111033
0.989708
0.0181662
0.0175982
0.426607
0.00159692
0.00162478
0.00141358
0.00111225
0.00113328
0.00129158
0.00124706
0.00119845
0.000932526
0.001179
0.000671566
0.000461431
0.000978448
0.000806505
0.000255007
9.97114e-005
0.943671
0.977967
0.93499
0.685538
0.375855
0.984834
0.948171
0.807133
0.00823976
0.724064
0.999293
0.998069
0.297939
0.998893
0.999999
0.872336
0.0138271
0.0141274
0.012115
0.00884436
0.00876556
0.011679
0.0102287
0.010914
0.00722608
0.00986648
0.00575846
0.00347888
0.0076936
0.00618493
0.00161547
0.000491163
1.4259e-014
9.71914e-015
1.00296e-014
2.8435e-015
6.72088e-014
8.37063e-015
4.78751e-014
3.92784e-014
1.08189e-013
3.26068e-015
2.67616e-014
6.3985e-013
1.29484e-013
6.94421e-015
8.12676e-015
1.59788e-012
1
1
1
1
1
1
1
1
1
1
1
1
1
1
1
1
1.04516e-008
4.53825e-008
4.03132e-008
3.62346e-008
1.19392e-008
4.98576e-008
2.51277e-007
1.39002e-008
2.71246e-008
2.06784e-008
1.64241e-006
2.80024e-007
3.5426e-008
1.04123e-008
1.11079e-007
6.06013e-006
1
1
1
1
1
1
1
1
1
1
1
1
1
1
1
1
0.00736517
0.00157243
0.00251186
0.000886756
0.020226
0.000885173
0.00351478
0.00939894
0.00130289
0.00107118
0.00556712
0.348772
0.00121628
0.0187582
0.532377
0.703234
0.999852
0.999812
0.995654
0.70633
0.999981
0.999526
0.999505
0.999875
0.99992
0.997884
0.999642
0.999991
0.999878
0.999745
0.956404
0.94728
0.00166841
0.00191941
0.00159043
0.00120844
0.00110499
0.00158168
0.00152708
0.00137444
0.000895295
0.00137324
0.0009278
0.000509972
0.000982091
0.000891747
0.000297907
0.000106764
1.54468e-005
6.51048e-006
0.000106674
0.000374244
0.000260277
1.37567e-005
4.45592e-005
4.23093e-005
0.00277374
0.000282789
1.81518e-005
3.3645e-005
0.00750689
4.93673e-007
1.29998e-006
0.000301932
0.00352818
0.00373228
0.00330689
0.00262156
0.00255503
0.00321725
0.00316272
0.0029227
0.00226778
0.00274476
0.00213617
0.00134519
0.00239366
0.00235365
0.000994086
0.000460911
1
1
1
0.999746
1
1
1
1
1
0.999999
1
1
1
1
1
1
0.429273
0.874165
0.958377
0.862762
0.00471646
0.885674
0.694286
0.433856
0.0898546
0.992373
0.836977
0.117369
0.371325
0.853152
0.764538
0.000163564
0.999538
0.999715
0.999942
0.999995
0.998673
0.999966
0.999665
0.998826
0.999144
0.999874
0.930287
0.4847
0.999055
0.997634
0.793489
0.505844
