0.338561
0.308095
0.812708
0.985567
0.724743
0.565954
0.635397
0.605758
0.999235
0.723437
0.17001
0.126383
0.985279
0.0255626
0.126512
0.50535
0.00156108
0.00152695
0.00124596
0.000941998
0.00106085
0.0011644
0.00106622
0.00103003
0.000933467
0.00106605
0.000527667
0.000360755
0.00102803
0.000788651
0.000218241
7.65342e-005
0.925314
0.988969
0.907321
0.511915
0.293335
0.993443
0.943125
0.727903
0.00498058
0.796493
0.999804
0.997162
0.267052
0.999699
0.999997
0.800361
0.0132736
0.0131366
0.0102608
0.0071374
0.00817803
0.0102575
0.00844642
0.00916487
0.00727712
0.00861713
0.00441347
0.00257589
0.00830364
0.00597314
0.00130855
0.000369533
1.56931e-014
9.13017e-015
7.90434e-015
2.94793e-015
9.39792e-014
5.60696e-015
7.85846e-014
5.71136e-014
9.89898e-014
2.33894e-015
3.7643e-014
1.32719e-012
1.34002e-013
3.35632e-015
5.42274e-015
3.22144e-012
1
1
1
1
1
1
1
1
1
1
1
1
1
1
1
1
1.20334e-008
5.41505e-008
5.11397e-008
4.51477e-008
1.34813e-008
8.71304e-008
6.15257e-007
1.96842e-008
4.47833e-008
1.64373e-008
4.26472e-006
4.36254e-007
5.91432e-008
9.17199e-009
1.60694e-007
1.24729e-005
1
1
1
1
1
1
1
1
1
1
1
1
1
1
1
1
0.00907575
0.00179782
0.00399143
0.00084715
0.0208578
0.00104063
0.00510345
0.0219208
0.000636655
0.001543
0.0114855
0.467411
0.000973532
0.0149271
0.502532
0.683872
0.999881
0.999774
0.989174
0.622203
0.999986
0.99937
0.999281
0.999864
0.999875
0.997066
0.999656
0.999996
0.999895
0.999004
0.746411
0.889328
0.00161196
0.00179585
0.00138425
0.00100759
0.00104336
0.00143731
0.00131377
0.00116275
0.00090162
0.00123532
0.000730613
0.000391275
0.00102783
0.000850602
0.000258478
8.0749e-005
2.04354e-005
5.32856e-006
0.000172482
0.00102759
0.000472756
1.36047e-005
6.10731e-005
7.95683e-005
0.00627533
0.000374122
2.72751e-005
0.000107442
0.00890061
6.06633e-007
3.60135e-006
0.000637139
0.00344376
0.0035771
0.00297157
0.00230207
0.00243039
0.00294226
0.00282593
0.00259092
0.00229074
0.00256036
0.00180921
0.00109651
0.00250182
0.00227337
0.000906114
0.000381428
1
1
1
0.999552
1
1
1
1
1
0.999999
1
1
1
1
1
1
0.335027
0.882126
0.953903
0.807027
0.00341838
0.919484
0.580626
0.260169
0.157175
0.997806
0.741339
0.0196982
0.429092
0.930444
0.809023
0.000233328
0.999054
0.999588
0.999938
0.999993
0.997317
0.999961
0.998831
0.99564
0.999258
0.999915
0.904979
0.336823
0.99847
0.998677
0.850399
0.506034
