4.82119e-011
0.00155739
0.499508
0.500684
7.31675e-007
0.56945
0.999942
1
0.00904526
0.272646
0.201346
0.345548
0.82019
0.613091
0.0498393
3.54123e-007
5.83812e-005
8.57836e-006
1.61378e-006
2.48766e-006
3.9394e-005
5.88625e-006
1.84494e-006
2.70508e-006
1.91227e-005
3.39182e-006
1.1733e-006
2.07712e-006
1.51579e-005
2.82762e-006
8.81397e-007
6.23067e-007
1
1
0.507479
0.00027105
1
0.658002
0.000315307
2.12074e-007
1
0.713046
0.531449
0.0856558
1
0.986003
0.999967
0.824455
0.000221184
2.49315e-005
3.76727e-006
5.40442e-006
9.84351e-005
1.43276e-005
3.33374e-006
6.23085e-006
6.27495e-005
1.02403e-005
3.39252e-006
7.40444e-006
6.08873e-005
7.28358e-006
1.92864e-006
1.63395e-006
0.00100939
0.9535
1
1
0.00426643
0.998122
0.999997
0.99994
7.88994e-006
0.981001
0.999953
0.999975
1.01237e-005
0.784936
0.999998
1
0.749144
0.0508179
6.17107e-006
0.223289
0.510505
0.0010715
0.000211417
0.38637
0.517603
0.00356657
0.000100176
0.0335343
0.510062
6.3688e-005
1.97267e-008
8.44559e-007
2.98106e-017
0.00316018
0.549755
0.999541
1.03389e-013
0.439025
0.987722
0.999496
1.26085e-011
0.515015
0.0148873
0.720817
6.87246e-011
0.0274947
0.0565536
0.674783
0.893039
3.24007e-008
1.31037e-012
7.75124e-012
0.499675
2.87225e-009
1.1648e-011
1.60104e-010
0.143656
4.49222e-012
2.11336e-012
6.32084e-013
0.552701
3.14296e-006
6.41475e-011
2.01869e-015
1
0.742645
0.497705
0.119131
0.999994
0.511882
0.250973
0.138102
0.998661
1
1
1
0.45884
0.499795
0.559687
0.999965
0.74618
0.498506
0.479681
0.499856
0.288003
0.000133543
0.00395114
0.140881
0.37815
0.994129
0.999988
0.999998
0.0180631
0.499055
0.549299
0.999998
0.000117757
3.12275e-005
5.95326e-006
8.01021e-006
6.53047e-005
1.66568e-005
5.78786e-006
1.13152e-005
4.61435e-005
1.67809e-005
5.95181e-006
1.09184e-005
2.48544e-005
1.37987e-005
4.3287e-006
4.63128e-006
1.85847e-011
4.25284e-005
0.5
0.500114
9.00094e-012
0.44677
0.998667
0.998244
8.96247e-011
0.00242535
0.00233775
0.114529
2.37749e-005
0.000206953
9.49452e-008
9.49298e-009
0.000342041
0.000106444
5.0094e-005
5.85107e-005
0.00025181
8.26327e-005
3.46583e-005
4.46221e-005
0.00014775
6.38052e-005
2.7748e-005
4.52532e-005
0.000103293
4.99901e-005
3.1172e-005
2.99383e-005
0.999977
0.747833
0.481867
0.499897
0.996167
0.195064
0.00162474
0.045992
0.998284
0.783522
0.598308
0.6874
0.419047
0.393495
0.249651
0.595225
1
0.999999
0.845965
0.43302
1
0.53569
0.480532
0.0041394
0.999995
0.195613
0.000360799
7.68642e-008
0.999997
0.998708
0.912945
0.498659
1
0.772468
0.496144
0.237445
1
0.76161
0.775737
0.0587216
1
0.369208
1.20546e-005
6.24802e-010
1
0.99679
0.521333
0.00690553
