1.17035e-012
0.00610207
0.499459
0.499128
1.63183e-006
0.628773
0.998916
0.98507
0.0503837
0.395116
0.146977
0.00198973
0.939458
0.762863
0.0382863
3.35021e-008
6.32079e-005
9.09886e-006
2.25043e-006
2.03252e-006
3.75151e-005
4.67778e-006
1.53799e-006
8.41562e-007
1.59361e-005
2.35395e-006
8.61608e-007
6.06125e-007
1.39435e-005
2.67667e-006
6.95452e-007
3.12517e-007
1
1
0.508221
0.244303
1
0.67726
0.000393707
0.0353045
1
0.799253
0.574842
0.781509
0.999998
0.80211
0.999754
0.998922
0.000225608
2.46739e-005
5.63692e-006
5.70285e-006
8.67041e-005
1.12584e-005
3.11201e-006
2.50122e-006
5.90773e-005
6.72985e-006
2.81229e-006
2.15802e-006
4.50859e-005
6.39359e-006
1.73662e-006
7.72047e-007
0.00986709
0.973374
1
1
0.00606504
0.999495
0.999997
0.999999
0.000750133
0.986256
0.999996
1
3.75522e-005
0.737145
1
1
0.749249
0.066504
0.000802372
0.476915
0.481638
0.00074225
0.00109048
4.54561e-005
0.484408
0.00142106
0.000621053
6.59647e-007
0.51165
1.42514e-005
5.10637e-010
1.99461e-011
5.58878e-016
0.000425043
0.505511
0.736045
6.92423e-012
0.438527
0.797894
0.62281
8.47927e-011
0.671759
0.0148534
0.013969
1.72818e-011
0.00552027
0.0191994
0.399451
0.758675
6.86479e-009
2.09078e-012
7.22731e-013
0.376284
3.95815e-010
6.24551e-012
7.56617e-013
0.00411559
6.08432e-013
8.74826e-014
1.0172e-014
0.359951
2.68809e-005
2.64694e-012
2.36197e-015
1
0.736579
0.474152
0.517829
0.999735
0.776335
0.497377
0.642462
0.996049
0.999997
1
1
0.486367
0.488558
0.719004
0.999571
0.753757
0.499179
0.499866
0.720271
0.25576
0.0268413
0.160736
0.379421
0.115637
0.996915
1
0.999993
7.69223e-005
0.407029
0.608627
0.993923
0.000142666
3.15725e-005
7.88012e-006
8.03351e-006
7.01839e-005
1.26013e-005
4.97912e-006
4.42315e-006
3.9693e-005
1.50084e-005
5.75806e-006
3.85085e-006
2.19865e-005
1.12498e-005
4.07596e-006
1.99125e-006
1.23397e-011
0.000243376
0.499997
0.499827
5.54904e-012
0.460712
0.907588
0.69844
3.61321e-011
0.000694939
0.000329005
0.000185656
6.7278e-006
0.0210475
4.77588e-007
4.2094e-006
0.000383661
0.000111761
5.98198e-005
4.97717e-005
0.00024684
7.57809e-005
2.94699e-005
2.19507e-005
0.000125359
5.14839e-005
2.61006e-005
2.18764e-005
9.41411e-005
4.4067e-005
2.8275e-005
1.83176e-005
0.999988
0.746604
0.499975
0.647414
0.999682
0.186759
0.00847452
0.00360521
0.87198
0.203248
0.631168
0.119926
0.312396
0.0328732
0.0760038
0.049694
1
0.999809
0.525343
0.367515
1
0.497177
0.329008
0.0912601
0.999996
0.196223
0.00187289
0.00018114
0.999998
0.997979
0.992712
0.558774
0.999946
0.670306
0.493567
0.173656
1
0.468033
0.466556
0.703714
1
0.455178
1.72527e-005
6.13239e-005
1
0.999982
0.544035
0.0532622
