1.00282e-009
0.167297
0.49996
0.500151
0.000137144
0.969848
1
0.999998
0.53122
0.96976
0.485235
0.421357
0.998854
0.749724
0.0101005
5.80537e-008
6.68856e-005
6.95253e-006
1.09376e-006
9.4927e-007
6.41386e-005
8.44905e-006
2.46644e-006
1.11104e-006
4.01875e-005
7.59186e-006
2.56886e-006
1.1519e-006
2.45453e-005
5.82671e-006
1.39139e-006
5.28825e-007
1
0.999999
0.485002
0.0103269
1
0.53902
9.77856e-005
0.000192699
1
0.556572
0.425029
0.549113
0.999989
0.917787
0.999901
0.99719
0.000190698
1.53433e-005
1.91678e-006
1.98989e-006
0.000144675
1.95938e-005
3.88051e-006
2.85907e-006
0.000105602
2.21674e-005
7.05786e-006
4.56953e-006
8.44258e-005
1.41413e-005
3.37753e-006
1.34872e-006
0.00101151
0.997557
1
1
0.0011319
0.954166
0.999456
0.999973
1.01805e-006
0.169985
0.984197
0.999994
1.0984e-006
0.110545
0.999973
1
0.504542
2.15167e-006
1.17324e-010
1.79437e-005
0.68285
0.0137254
0.000191087
0.000535524
0.922896
0.469674
0.0267412
0.000267576
0.990147
0.270769
2.37872e-005
7.18168e-008
3.13222e-018
0.0126268
0.878155
0.999692
4.91374e-011
0.333291
0.998259
0.748547
6.66326e-008
0.417258
0.0621008
0.0953505
6.42451e-010
0.00802029
9.58076e-005
0.0402267
0.83266
1.25798e-008
1.501e-012
1.46388e-013
0.463896
5.30361e-009
1.02166e-010
1.13602e-011
0.0269921
3.95841e-010
2.95156e-011
5.89058e-014
0.464451
2.16012e-005
3.21707e-011
2.82304e-015
1
0.619052
0.00632518
0.0467523
0.999671
0.0303141
0.0113703
0.229806
0.756773
0.998004
0.999996
1
0.262174
0.504018
0.965379
0.999999
0.555502
0.202729
0.0120495
0.48649
0.126429
3.74123e-007
1.96901e-006
0.00872317
0.0307966
0.687754
0.997645
0.999612
0.0725451
0.551324
0.895892
0.999977
0.000108165
2.17172e-005
3.80798e-006
4.18948e-006
9.75291e-005
2.09558e-005
6.68306e-006
4.95061e-006
7.1878e-005
3.11484e-005
1.18276e-005
6.65066e-006
3.66318e-005
2.32189e-005
7.64109e-006
3.23669e-006
6.74699e-009
0.00198899
0.502527
0.502068
4.0214e-009
0.706372
0.999991
0.776688
4.96639e-007
0.314643
0.025934
0.0695626
3.38599e-005
0.00118581
2.40844e-011
3.35086e-009
0.000350191
9.22098e-005
3.73135e-005
3.15298e-005
0.000333539
0.000109344
3.65895e-005
2.42638e-005
0.000215038
0.000104475
4.05005e-005
2.90658e-005
0.00014106
8.37509e-005
3.9577e-005
2.28533e-005
0.998207
0.491438
0.00992969
0.47036
0.985372
0.0226455
0.000191703
0.00080104
0.993855
0.781016
0.838563
0.362094
0.531169
0.506106
0.632576
0.360081
1
0.999999
0.99998
0.7559
0.999994
0.495265
0.498143
0.486666
0.998929
0.000685035
0.000635548
1.74939e-005
0.999937
0.881206
0.882435
0.489251
1
0.999993
0.513079
0.499855
1
0.992918
0.999818
0.998253
1
0.616692
0.00434458
0.00423568
1
0.996312
0.508566
0.000925871
