4.56501e-010
0.0322443
0.498012
0.497836
6.10852e-005
0.735235
0.999964
0.997862
0.255728
0.800165
0.253003
0.0677222
0.999701
0.902282
0.189977
3.7948e-007
7.58921e-005
1.0554e-005
1.4432e-006
9.36485e-007
7.52479e-005
1.11865e-005
1.922e-006
5.94044e-007
3.87573e-005
8.51408e-006
1.55245e-006
5.92024e-007
3.45469e-005
7.42411e-006
1.18289e-006
3.6392e-007
1
1
0.775381
0.271399
1
0.783172
0.0196565
0.00191283
1
0.970441
0.924704
0.518495
0.999661
0.998509
1
0.98867
0.000253504
2.40942e-005
2.92801e-006
2.23981e-006
0.000185073
2.39769e-005
3.35494e-006
1.65177e-006
0.000122158
2.24686e-005
4.83229e-006
2.14747e-006
0.000179685
2.50696e-005
3.11133e-006
9.51381e-007
0.000210813
0.930075
1
1
0.000308419
0.55708
0.998801
1
2.18706e-008
0.0542507
0.994074
1
7.9134e-009
0.0012363
0.997136
1
0.60822
3.4559e-005
9.96993e-008
0.00158913
0.666692
0.00279376
4.87351e-006
3.01175e-007
0.984148
0.278729
0.000263799
8.00334e-007
0.99822
0.255633
5.67222e-007
5.92051e-010
1.13499e-017
6.14201e-005
0.517955
0.763743
7.38563e-013
0.114456
0.745708
0.688818
2.1534e-011
0.0884641
0.00370126
0.000722985
1.16909e-011
1.45695e-006
0.000156287
0.269126
0.993792
4.75364e-006
4.33404e-012
4.44973e-014
0.540841
8.07384e-007
1.11754e-010
1.07247e-012
0.494321
1.14861e-008
6.50697e-011
8.79152e-015
0.83418
0.117524
7.50893e-010
2.58642e-015
1
0.674563
0.473345
0.499847
0.980188
0.103635
0.220861
0.481631
0.834853
0.999563
1
1
0.235075
0.494483
0.66988
0.999748
0.73214
0.471956
0.492064
0.500014
0.0712907
2.18204e-007
1.5338e-005
0.013924
0.0480953
0.765716
0.999479
0.999602
0.000933379
0.458698
0.671989
0.999022
0.000146799
2.91576e-005
5.29842e-006
4.32719e-006
0.000110315
2.37728e-005
5.55724e-006
3.02919e-006
6.76626e-005
3.11153e-005
8.22596e-006
3.55206e-006
5.07086e-005
2.61724e-005
6.26992e-006
2.37665e-006
3.19619e-010
7.39904e-005
0.499994
0.499999
1.49365e-009
0.486311
0.998444
0.742597
1.13996e-006
0.0898508
0.000486925
0.000230624
0.0108774
0.00058855
1.16283e-010
6.72769e-006
0.000395491
0.000117975
4.45481e-005
3.06235e-005
0.000391702
0.000120026
3.33384e-005
1.72283e-005
0.000230251
9.76363e-005
3.25398e-005
1.87278e-005
0.000190811
8.12834e-005
3.40067e-005
1.81108e-005
0.999841
0.738301
0.4901
0.500008
0.995409
0.267126
0.000257861
9.70002e-005
0.999419
0.781705
0.532099
0.0167323
0.498711
0.461189
0.360716
0.0691812
1
1
0.996382
0.518259
1
0.804458
0.515696
0.5004
0.999973
0.304657
0.112062
0.000298374
0.999999
0.999936
0.998499
0.586167
1
0.995218
0.501175
0.486138
1
0.999997
0.999807
0.994647
1
0.938512
0.22721
0.000290116
1
1
0.934002
0.243733
