4.46754e-010
0.110026
0.504094
0.703105
0.000801294
0.991776
0.999981
0.999998
0.777211
0.982219
0.490728
0.43178
0.999941
0.719134
0.00117421
2.36907e-007
4.08015e-005
4.54757e-006
6.93905e-007
4.29182e-007
5.18387e-005
6.43499e-006
1.77168e-006
7.79472e-007
3.95322e-005
6.92117e-006
1.90077e-006
8.31834e-007
2.75956e-005
6.64958e-006
1.21092e-006
3.88499e-007
1
0.999996
0.555163
0.000310337
1
0.516574
0.00185154
4.49811e-005
0.999999
0.552075
0.70207
0.350217
0.999931
0.984625
0.999996
0.906532
0.000112411
8.67033e-006
1.12635e-006
7.88596e-007
0.000112432
1.45836e-005
2.92222e-006
2.27475e-006
9.79624e-005
2.06509e-005
5.91693e-006
3.47376e-006
0.000100642
1.68652e-005
3.07778e-006
1.07231e-006
0.0155032
0.999866
1
1
0.0125049
0.967994
0.999746
1
6.28076e-007
0.0441345
0.988586
1
6.32422e-008
0.000945604
0.999965
1
0.499523
6.13535e-009
1.7789e-014
2.57907e-013
0.526672
0.0021281
7.79406e-006
1.50751e-005
0.898844
0.384914
0.00259611
4.87825e-005
0.999436
0.457266
2.41162e-006
4.51104e-009
3.93113e-017
0.0271802
0.849395
0.999999
2.86624e-010
0.329409
0.919024
0.867004
7.14835e-007
0.28117
0.0054437
0.293132
5.3719e-009
0.00217656
4.23305e-006
0.325001
0.571052
3.41155e-009
1.21625e-012
6.94575e-014
0.367707
2.26331e-009
7.70194e-011
1.74182e-012
0.0803928
4.48158e-009
2.05401e-011
1.43914e-014
0.723825
0.000721531
2.43463e-011
4.16409e-016
1
0.426488
1.07817e-006
1.67752e-008
0.994383
0.00107413
0.104414
0.271144
0.489767
0.730942
0.999969
1
0.250811
0.609466
0.998825
0.999999
0.208131
0.0152208
1.99029e-008
8.60348e-005
0.00758539
3.57944e-008
1.94098e-005
0.00353098
0.000723089
0.389619
0.980043
0.997728
0.0134954
0.511359
0.962385
0.999999
7.02453e-005
1.39343e-005
2.31593e-006
1.941e-006
7.29907e-005
1.70716e-005
5.24408e-006
3.70257e-006
6.82376e-005
2.6241e-005
9.59638e-006
5.55659e-006
4.05771e-005
2.41873e-005
6.60234e-006
2.79222e-006
3.30472e-010
0.00352495
0.762069
0.999911
5.60466e-008
0.736335
0.999048
0.966878
0.000118759
0.507065
0.00116973
0.00837114
0.000160343
0.000845609
3.54966e-012
3.50358e-008
0.000277529
6.54755e-005
2.76192e-005
1.85843e-005
0.000286612
9.26045e-005
3.22477e-005
2.14082e-005
0.000208477
9.95974e-005
3.36832e-005
2.54813e-005
0.000161824
8.71456e-005
3.38181e-005
1.77698e-005
0.997122
0.296416
2.24661e-008
7.7239e-006
0.911587
0.00351453
0.000134073
5.23303e-005
0.905016
0.289484
0.648255
0.0359615
0.679669
0.604531
0.693515
0.103516
1
0.999997
1
0.99998
0.999998
0.654016
0.518716
0.490175
0.999673
0.0122077
0.00735789
7.45911e-006
0.999907
0.874924
0.971306
0.409039
1
1
0.991835
0.601304
1
0.999527
0.999944
0.815873
1
0.994265
0.318027
4.54837e-005
1
0.999911
0.792483
0.000190651
