0.999903
0.975799
0.989256
0.999971
0.99999
0.963601
0.979357
0.999992
1
0.825335
0.370604
0.941519
1
0.838116
0.805709
0.999956
0.000166282
0.000275342
9.30246e-005
6.40635e-005
0.00015076
0.000282706
0.000125739
6.97041e-005
0.000131421
0.000210716
7.17326e-005
4.79577e-005
0.000140132
0.000161122
7.68091e-005
5.83168e-005
7.51898e-007
0.498558
0.997943
0.00104536
1.60763e-009
0.501652
0.997338
0.00860391
9.76601e-011
0.523711
0.999826
0.490554
5.81267e-005
0.660484
0.999578
0.0336387
0.000871734
0.0016657
0.000551511
0.000307643
0.000716147
0.00182865
0.000722751
0.000391004
0.000700638
0.00133938
0.000467305
0.000233299
0.000751625
0.000806039
0.000346162
0.000232475
1.08209e-007
6.16702e-015
2.30657e-014
4.30925e-012
2.59944e-005
1.74783e-013
2.06887e-015
1.10552e-011
7.08928e-006
9.14458e-014
2.20235e-012
5.25537e-009
1.21759e-007
1.69838e-014
3.94456e-013
7.59242e-012
1
1
1
1
1
1
1
1
1
1
1
1
1
1
1
1
0.00367274
2.43864e-007
0.000103187
8.04303e-005
0.489223
8.04983e-007
0.000368744
0.000236968
0.499937
1.38535e-006
7.36751e-005
0.00872394
0.48686
1.59843e-006
0.0892597
0.537504
1
1
1
1
0.999998
1
1
1
0.999998
1
1
1
1
1
1
1
0.242536
0.00163801
0.0167765
0.082062
0.052217
0.00582483
0.00890927
0.0216687
0.000964577
0.00190834
0.672901
0.601124
0.000465301
0.0412888
0.475633
0.160729
0.999715
0.882182
0.0130391
0.43194
0.999965
0.998906
0.0375683
0.389313
0.99966
0.999872
0.809805
0.999714
0.995555
0.988138
0.0296562
0.113848
0.000153458
0.00027008
0.000131503
6.93562e-005
0.000156723
0.000295778
0.000175157
8.13513e-005
0.000168301
0.000212607
0.000127314
5.7865e-005
0.000142311
0.000150569
8.87355e-005
5.82736e-005
0.761781
0.0270371
0.0179124
0.814362
0.988853
0.00330366
0.00357194
0.56417
0.999765
0.00719448
0.000275212
0.00356772
0.881301
0.000899748
0.00275715
0.731335
0.000615785
0.000864659
0.00050888
0.000308968
0.000645568
0.000908025
0.000561116
0.000349697
0.000713081
0.00071798
0.000439529
0.00029534
0.000722796
0.00061293
0.000411779
0.000281667
1
0.999999
0.99996
1
1
1
0.999958
1
1
1
1
1
1
1
0.999985
0.999999
2.49954e-007
0.528119
0.986708
0.00519141
1.46671e-012
0.488048
0.830892
0.000968386
1.34498e-009
0.479818
0.495335
2.83663e-008
2.38184e-005
0.46326
0.551635
8.82101e-005
0.204953
0.983493
0.99991
0.733089
0.000479566
0.913622
0.999631
0.691552
0.01527
0.661027
0.805109
0.0264849
0.439931
0.817832
0.999115
0.814084
