0.999985
0.97922
0.995394
0.999997
0.999993
0.990997
0.994698
0.999998
1
0.944001
0.473898
0.987954
0.999998
0.789665
0.73593
0.999586
0.000153699
0.000191996
4.75034e-005
2.39062e-005
0.000150845
0.000241242
7.63634e-005
2.96701e-005
0.000122091
0.00020783
5.97137e-005
2.54051e-005
0.000112481
0.000157281
6.83808e-005
4.19752e-005
1.10881e-006
0.560223
0.999173
0.000521937
1.17023e-008
0.502149
0.999702
0.0391835
4.3216e-009
0.578491
0.999976
0.530646
0.000368925
0.538891
0.999974
0.260705
0.000844355
0.00122017
0.000303613
0.000114955
0.000687946
0.00154277
0.000427721
0.000152635
0.000660651
0.00141484
0.000373552
0.000119518
0.000550302
0.000718998
0.000313008
0.000146646
3.5654e-007
1.59705e-015
1.00654e-013
1.7692e-011
2.37628e-005
1.28341e-013
1.4026e-015
5.39153e-012
2.92146e-006
1.06496e-013
3.62714e-014
4.83067e-009
2.03324e-007
5.37651e-014
6.89112e-014
2.98637e-010
1
1
1
1
1
1
1
1
1
1
1
1
1
1
1
1
0.00961081
2.28683e-007
0.00300466
0.0538234
0.475328
1.13481e-006
0.00180137
0.0205429
0.499771
7.60081e-006
0.000102085
0.00676409
0.417259
1.92501e-005
0.000254877
0.40674
1
1
1
1
0.999998
1
1
1
0.999999
1
1
0.999999
1
1
1
0.999989
0.124717
0.00893185
0.0341954
0.0159022
0.0687138
0.00289849
0.0158343
0.0123943
0.000604325
0.00122916
0.6155
0.609351
0.0103057
0.163714
0.58268
0.356921
0.999733
0.74645
0.00115748
0.271066
0.99995
0.967285
0.00189361
0.216003
0.999757
0.999491
0.524962
0.939024
0.999174
0.985213
0.148548
0.0800589
0.000142519
0.000193757
7.81839e-005
2.98243e-005
0.000152956
0.000254804
0.000103531
3.6662e-005
0.000162445
0.00021474
0.000102322
3.66924e-005
0.00010305
0.000145342
7.45066e-005
4.49287e-005
0.764555
0.00447135
0.00278935
0.91277
0.967891
0.00650104
0.0016041
0.748548
0.998857
0.0066831
0.00011277
0.00287087
0.610289
0.00159625
6.48755e-005
0.270051
0.000621776
0.000665769
0.00032651
0.000161156
0.000622371
0.000828787
0.00039834
0.000184011
0.000682742
0.000699916
0.000375682
0.000197326
0.000601284
0.000578492
0.00037144
0.000220879
1
0.999992
0.998368
0.999999
1
0.999997
0.999337
1
1
1
0.999999
1
1
1
0.999979
0.999873
4.69507e-007
0.595784
0.977159
0.00939173
4.71067e-012
0.495724
0.985757
0.00531231
2.52111e-008
0.437307
0.53633
7.82188e-006
3.52503e-006
0.0931263
0.699762
0.178995
0.207061
0.998218
0.99994
0.454194
0.000907892
0.940912
0.999859
0.559719
0.0269451
0.60566
0.985148
0.256912
0.103134
0.510476
0.999484
0.751769
