0.999944
0.878952
0.934546
0.999781
0.999992
0.982904
0.982275
0.999965
1
0.930156
0.424
0.978715
0.998912
0.266889
0.591264
0.999102
0.000193478
0.000279512
7.94523e-005
5.47883e-005
0.000173816
0.000264642
8.27739e-005
3.30798e-005
0.000173125
0.000259764
5.29194e-005
1.91652e-005
0.000139636
0.000150081
4.85028e-005
2.22998e-005
7.36938e-006
0.514456
0.999924
0.0150338
1.8578e-007
0.525559
0.999966
0.237416
2.60992e-009
0.716346
0.999999
0.502513
0.000578708
0.975293
1
0.252452
0.0011047
0.00170954
0.000458122
0.000245443
0.000864804
0.00194627
0.000493004
0.000164261
0.000987241
0.00181458
0.000352148
8.27937e-005
0.000767538
0.000810043
0.000243247
8.03948e-005
1.82774e-008
1.35813e-015
3.78553e-014
2.68318e-011
6.35651e-007
2.36235e-014
1.12411e-015
1.76738e-011
1.40162e-007
6.01881e-015
1.62553e-014
9.66854e-010
1.38531e-006
1.07796e-014
1.91912e-013
1.33927e-008
1
1
1
1
1
1
1
1
1
1
1
1
1
1
1
1
5.58956e-005
1.3897e-007
6.79677e-005
0.00110319
0.238921
2.10237e-006
0.000104028
0.0100749
0.474584
1.02304e-006
1.33779e-005
0.0345081
0.240576
7.43644e-007
0.000172827
0.371111
1
1
1
1
1
1
1
1
1
1
1
0.999999
1
1
0.999991
0.99891
0.193472
0.00989742
0.132535
0.0314723
0.0845509
0.00184841
0.0764544
0.0290319
0.000354857
0.00043592
0.671151
0.535637
0.124243
0.442668
0.950896
0.572413
0.999655
0.910124
0.0973432
0.744836
0.999937
0.983015
0.0128487
0.488503
0.999456
0.997708
0.384617
0.847619
0.999997
0.993082
0.342182
0.316949
0.000168561
0.000301102
0.000107439
6.52408e-005
0.000175465
0.00030819
0.000118523
4.20091e-005
0.000201104
0.000272631
8.98985e-005
2.86598e-005
0.000140596
0.000157648
6.2409e-005
2.76118e-005
0.564282
0.00279617
0.00237622
0.682846
0.870268
0.000893748
0.000309991
0.645141
0.994267
0.000799951
1.31282e-005
0.0148921
0.604407
8.21079e-005
4.88655e-007
0.253617
0.000699377
0.000916088
0.00043825
0.000270692
0.000653599
0.000938955
0.000433834
0.000200571
0.000806527
0.000862841
0.000375669
0.000152812
0.000698973
0.000595281
0.00030132
0.000158248
1
1
0.999991
1
1
0.999997
0.999911
1
1
0.999999
0.999998
1
1
1
0.999996
0.999951
1.86014e-005
0.671019
0.973847
0.000864085
8.09267e-011
0.500749
0.988965
0.00495578
2.30821e-006
0.656542
0.695013
2.02912e-005
5.70717e-008
0.365268
0.615054
0.00296538
0.253909
0.996589
0.999135
0.120342
0.00497399
0.993918
0.99981
0.453874
0.355161
0.938528
0.996659
0.144108
0.00019536
0.593232
0.99897
0.51455
