0.99998
0.974727
0.999309
0.999994
0.999997
0.990725
0.99826
0.999999
1
0.765756
0.475193
0.998726
0.999996
0.664378
0.792984
1
0.000149542
0.000139357
3.1487e-005
1.74688e-005
0.000150718
0.000186669
4.90723e-005
1.67816e-005
0.000138412
0.000177371
3.80521e-005
1.44952e-005
0.000132631
0.000132715
5.63447e-005
3.77322e-005
9.69102e-006
0.86817
0.994079
1.29782e-005
9.15999e-008
0.511836
0.999749
0.163457
2.82548e-009
0.779685
1
0.497598
0.00223325
0.997975
0.991412
0.000514176
0.000856139
0.000867481
0.000203551
8.69635e-005
0.000717018
0.00120485
0.000294696
8.18408e-005
0.000798275
0.00113372
0.000250056
6.19449e-005
0.000659686
0.000644176
0.000223096
0.000138561
6.20593e-008
3.16534e-016
8.16839e-014
5.63075e-011
3.19178e-006
1.69559e-014
1.62068e-015
3.81793e-011
1.23424e-006
8.52095e-015
9.19069e-013
2.07329e-008
2.44801e-008
2.03806e-014
2.54712e-013
2.01418e-011
1
1
1
1
1
1
1
1
1
1
1
1
1
1
1
1
0.000276938
2.26635e-007
0.00533863
0.169759
0.299682
1.74334e-006
0.000319262
0.0636982
0.496697
1.03502e-006
1.3294e-005
0.391479
0.418455
6.68028e-007
0.114844
0.796991
1
1
1
1
1
1
1
1
1
1
1
0.99983
1
1
0.999992
0.999965
0.24447
0.0269809
0.0260246
0.0120047
0.109885
0.00167854
0.0198236
0.048858
0.000610352
0.0186692
0.779733
0.716476
0.000934058
0.380436
0.54532
0.0832832
0.999628
0.530032
0.000467394
0.405107
0.999793
0.75297
0.00127355
0.2498
0.99978
0.9996
0.440394
0.843715
0.999804
0.893518
0.00583681
0.000136694
0.000134102
0.000151777
5.55717e-005
2.42881e-005
0.000152327
0.00020697
7.4417e-005
2.25462e-005
0.000172848
0.000196002
7.14527e-005
2.11676e-005
0.000122175
0.000118202
6.63499e-005
4.44918e-005
0.643835
0.000582489
0.00908225
0.970807
0.935375
0.00381947
0.00132056
0.662441
0.997896
0.000487546
8.18895e-006
0.0893166
0.590878
9.50256e-005
0.00130327
0.750073
0.000605518
0.000517139
0.000247974
0.000133198
0.000612317
0.000676517
0.000315746
0.000125698
0.000723205
0.000659484
0.000303858
0.000138373
0.000656946
0.000510916
0.000293188
0.000206873
1
0.999884
0.996616
1
1
0.999976
0.9992
1
1
1
0.999999
1
1
1
0.999028
0.999668
3.68757e-006
0.859818
0.882048
0.00128906
4.98316e-011
0.507794
0.978431
0.0027236
2.73489e-008
0.505087
0.527195
3.40018e-007
4.67171e-006
0.496442
0.691258
0.000431664
0.213962
0.999349
0.999796
0.194847
0.00271718
0.993355
0.999916
0.453429
0.0703294
0.67427
0.874875
0.0338526
0.0915621
0.79332
0.999947
0.953251
