0.999966
0.981877
0.99595
0.99995
0.999998
0.991067
0.994346
0.999994
1
0.774132
0.427188
0.998679
1
0.728879
0.771305
0.999999
0.000137726
0.000169612
4.55348e-005
2.32982e-005
0.000132874
0.000208959
6.61892e-005
1.85801e-005
0.000119963
0.000166384
4.01027e-005
1.37705e-005
0.000111839
0.000127579
5.40584e-005
3.40005e-005
2.02981e-006
0.542575
0.998136
0.000795202
2.13612e-009
0.502201
0.999944
0.204571
9.17967e-010
0.756175
1
0.499995
6.02744e-005
0.799983
0.998897
0.0293742
0.000726883
0.00104938
0.000288917
0.000111709
0.000661473
0.00129414
0.00038945
8.89578e-005
0.000659713
0.0010739
0.000261577
6.08233e-005
0.000544482
0.000572019
0.000234623
0.000119704
5.07866e-008
1.13511e-015
9.24184e-014
3.82113e-011
1.34076e-005
2.65448e-014
6.82999e-016
1.38312e-011
4.76167e-006
4.9981e-014
3.52256e-013
2.77618e-008
2.28718e-007
3.11411e-014
3.60873e-013
2.52424e-011
1
1
1
1
1
1
1
1
1
1
1
1
1
1
1
1
0.00320887
1.10653e-007
0.000470602
0.035159
0.472565
1.25316e-006
0.000157158
0.0548587
0.499251
2.38925e-006
5.73336e-006
0.291581
0.48054
1.33444e-006
0.0593443
0.748156
1
1
1
1
0.999998
1
1
1
0.999999
1
1
0.99986
1
1
0.99999
0.999977
0.238507
0.00354239
0.0366466
0.0272756
0.0400385
0.00340136
0.0311939
0.0639466
0.00113842
0.00845627
0.786267
0.745663
0.00253622
0.289914
0.568077
0.194479
0.999638
0.708379
0.00189995
0.508726
0.999867
0.956393
0.00214438
0.21488
0.999852
0.999879
0.530124
0.83626
0.998285
0.89527
0.0244509
0.000411596
0.000127343
0.000176526
7.46282e-005
3.04834e-005
0.000142853
0.000217046
9.54225e-005
2.43353e-005
0.000161422
0.00018052
7.47672e-005
2.02669e-005
0.000101176
0.00011353
6.41581e-005
3.91401e-005
0.710071
0.00942978
0.00602704
0.776584
0.99075
0.00947886
0.000788852
0.605558
0.998829
0.000896078
8.27103e-006
0.0399801
0.708158
0.000329316
0.000373379
0.736867
0.000545503
0.000610019
0.000321629
0.000155077
0.000602284
0.000723846
0.000373311
0.000134579
0.000650153
0.000616088
0.00029767
0.000133451
0.000607104
0.000485176
0.000303291
0.000193301
1
0.999993
0.999817
1
1
0.999998
0.999725
1
1
1
1
1
1
1
0.998778
0.999759
3.10169e-007
0.5831
0.960383
0.00312578
8.91112e-012
0.497753
0.991687
0.0126412
1.55052e-009
0.40019
0.5131
2.51123e-006
2.02359e-006
0.436303
0.701867
0.00154864
0.205331
0.995776
0.999855
0.233846
0.000826788
0.988776
0.999921
0.484972
0.00806333
0.492445
0.855811
0.110627
0.192792
0.72387
0.999889
0.932732
