0.498949
0.501654
0.194255
2.41588e-009
0.999998
0.999998
0.789369
0.0253638
0.999665
0.283134
4.40607e-005
5.51466e-005
0.99993
0.707574
0.00211564
0.398267
5.86795e-006
3.80593e-006
1.98041e-006
2.17987e-006
7.86622e-006
7.79502e-006
1.12411e-006
3.766e-007
7.43694e-006
7.93368e-006
1.29347e-006
2.61668e-007
6.46539e-006
4.24798e-006
1.03801e-006
4.36175e-007
0.204776
0.43186
0.986353
0.884313
5.44746e-012
0.414662
0.926172
0.449438
1.17508e-006
0.993238
0.999994
0.98328
5.11274e-008
0.671047
0.999987
0.624482
1.08296e-005
8.21798e-006
5.77792e-006
7.09444e-006
1.21544e-005
1.85469e-005
2.35242e-006
8.68456e-007
1.39728e-005
1.74095e-005
3.44553e-006
6.63935e-007
1.43693e-005
1.07702e-005
2.36522e-006
6.93969e-007
1
0.999653
1
1
0.98475
0.285096
0.999835
1
0.983782
0.322264
0.999867
1
0.894955
0.743045
1
1
0.194769
0.00787702
0.253581
0.500012
0.261989
0.185265
5.29285e-011
4.37929e-014
0.673264
0.531126
5.26292e-007
1.39001e-014
0.489858
0.186351
1.54881e-009
4.61731e-015
0.505708
0.149895
0.348078
0.253888
1
0.0114877
0.256009
0.892048
0.999996
0.000144104
4.53089e-006
0.163968
0.93557
5.16977e-006
0.242961
0.682717
1.02916e-011
2.06392e-010
3.63133e-012
1.02394e-010
1.23709e-008
2.60696e-007
8.58585e-011
5.84498e-015
2.0574e-010
2.08183e-009
4.05437e-012
8.92913e-016
9.76925e-008
1.32764e-007
3.34691e-012
1.19012e-014
0.502164
0.499675
0.539798
0.999992
7.99603e-006
0.217916
0.496659
0.785356
0.484398
1
1
1
0.30045
0.681814
0.553845
0.490496
0.453797
0.497532
0.750608
1
0.0141454
6.82185e-007
0.000765123
0.525805
0.999984
0.999779
0.994264
0.979306
0.496188
0.503295
0.500307
0.0718033
1.371e-005
1.4052e-005
1.1196e-005
9.34878e-006
1.51226e-005
1.44929e-005
4.8401e-006
2.40624e-006
1.97315e-005
2.42862e-005
5.53778e-006
1.7745e-006
1.65394e-005
1.73886e-005
6.78778e-006
1.7172e-006
0.500176
0.469758
0.0110526
1.05066e-005
1
0.875035
0.498937
0.556934
1
0.0663928
4.73736e-009
0.000771006
0.999992
0.00163913
0.00272805
0.499973
0.000111966
8.00603e-005
5.97505e-005
6.51704e-005
0.00014442
0.000104818
2.63616e-005
1.74074e-005
0.000121359
9.50649e-005
3.15149e-005
1.37553e-005
8.40249e-005
6.45963e-005
3.69765e-005
1.95657e-005
0.485053
0.500039
0.796112
0.999999
0.00141167
0.0393729
0.000709649
0.00288578
0.637861
0.999982
0.498089
5.00153e-005
0.168884
0.547188
0.243906
6.8678e-007
0.0747477
0.733992
0.513003
0.177992
0.000492875
0.495213
0.922577
0.980094
3.52872e-006
0.0062736
0.531304
0.911146
0.374753
0.482911
0.94887
0.999855
0.0190382
0.53531
0.363108
2.92429e-009
0.00192349
0.876172
0.999994
0.333368
1.21446e-010
0.211719
0.755263
0.00714631
0.499944
0.83236
0.898938
0.52869
