0.253045
0.838347
0.7904
0.837373
0.999999
0.999983
0.987681
0.759474
0.997213
0.347118
0.000161142
0.000560208
0.99996
0.776489
0.279979
0.020828
7.86979e-006
4.76797e-006
1.69243e-006
6.19544e-007
6.21303e-006
8.15402e-006
2.50066e-006
6.09464e-007
4.80082e-006
7.21447e-006
1.82866e-006
4.13028e-007
4.28157e-006
3.51746e-006
1.02758e-006
4.12594e-007
0.257545
0.137376
0.896986
0.0440205
1.16903e-010
0.272635
0.91398
0.284847
1.92845e-006
0.55465
0.999796
0.952614
9.8598e-006
0.491111
0.999694
0.944563
1.59195e-005
1.07839e-005
4.86246e-006
1.65078e-006
1.18314e-005
2.44788e-005
6.32504e-006
1.92588e-006
1.011e-005
1.50408e-005
5.34929e-006
1.11633e-006
1.31886e-005
9.84067e-006
2.81628e-006
8.57033e-007
0.999947
0.859055
0.999305
1
0.999023
0.11196
0.984157
1
0.999832
0.557379
0.999742
1
0.526033
0.677824
0.999999
1
0.614265
0.186498
6.20275e-007
3.0587e-009
0.43398
0.413221
1.00177e-005
1.77923e-009
0.53426
0.89965
0.000297947
4.3431e-010
0.257074
0.24521
2.95589e-007
2.41127e-012
0.502445
0.013059
0.428445
0.998054
1
0.336126
0.131779
0.579273
0.999999
0.24396
3.7751e-005
0.0225166
0.913418
0.00772875
0.00551883
0.685175
8.66337e-012
5.10969e-010
2.93348e-012
8.09604e-016
7.30504e-010
4.59358e-008
3.74145e-010
7.22521e-015
6.01221e-011
1.10148e-009
4.25385e-012
8.71256e-015
1.76706e-006
2.12726e-007
3.50261e-012
5.52872e-015
0.760717
0.500139
0.499153
0.675198
1.80961e-005
0.250915
0.507016
0.760383
0.47832
0.999998
1
1
0.183791
0.498744
0.566036
0.516737
0.472373
0.00135989
0.376913
0.0237714
0.0813515
0.00220511
0.0123033
0.56267
0.998593
0.999997
0.999885
0.999318
0.301448
0.497788
0.501073
0.496582
1.76705e-005
1.41891e-005
9.69462e-006
3.24522e-006
1.67256e-005
1.83027e-005
9.32999e-006
3.38318e-006
1.4851e-005
2.20804e-005
8.51193e-006
2.71158e-006
1.28629e-005
1.43203e-005
6.48906e-006
2.47077e-006
0.49223
0.374604
0.0151938
0.499835
1
0.941281
0.321389
0.355228
0.999998
0.255767
8.6643e-009
5.06531e-005
0.981274
0.199012
5.45963e-005
0.181865
0.000115289
7.75344e-005
4.07438e-005
2.40452e-005
0.000119932
0.000120018
4.05771e-005
1.90585e-005
9.54059e-005
9.09745e-005
4.25173e-005
1.55668e-005
6.04796e-005
4.90371e-005
3.44189e-005
2.04207e-005
0.378424
0.173271
0.00606353
4.68232e-006
0.0135323
0.46381
0.187019
7.28792e-005
0.608423
0.999997
0.818729
0.0260478
0.110501
0.496954
0.41171
0.00922769
0.000378981
0.395045
0.957081
0.471176
5.96611e-005
0.232994
0.512198
0.235059
7.92127e-006
0.000275615
0.0290482
0.0628203
0.712332
0.513693
0.687005
0.9617
2.34976e-008
0.779227
0.847077
0.237822
5.22045e-008
0.748102
0.999709
0.36752
4.94329e-010
0.0039735
0.107896
0.000376154
0.69443
0.797463
0.835978
0.298313
