0.481366
0.499483
0.0204328
2.47102e-009
0.999992
0.99739
0.479028
0.00672987
0.993292
0.171998
7.12758e-006
3.51438e-006
0.999903
0.720747
0.17265
0.580999
4.90545e-006
3.82543e-006
2.95993e-006
3.12158e-006
5.79906e-006
5.5009e-006
1.19838e-006
4.55561e-007
5.50345e-006
5.73431e-006
9.41967e-007
2.56763e-007
4.81439e-006
2.65495e-006
8.90937e-007
4.62483e-007
0.249053
0.438468
0.972972
0.888666
1.75372e-011
0.499515
0.895678
0.507891
1.5233e-005
0.99681
0.999988
0.971074
1.09319e-006
0.71338
0.99326
0.209307
8.6606e-006
8.32759e-006
9.40592e-006
1.04468e-005
9.62277e-006
1.51557e-005
2.66626e-006
1.08916e-006
1.09099e-005
1.10809e-005
2.61996e-006
5.8338e-007
1.21218e-005
7.5358e-006
2.00402e-006
7.50884e-007
1
0.999885
1
0.999995
0.997299
0.748262
0.999998
1
0.996791
0.736307
1
1
0.595964
0.758
1
1
0.0932224
0.0224142
0.452819
0.50012
0.0468795
0.00438998
2.10861e-011
1.58469e-012
0.519219
0.496511
1.55539e-009
3.97462e-015
0.0773135
0.00448131
5.40917e-011
2.17183e-014
0.64421
0.217391
0.32656
0.0945428
0.999999
0.00292621
0.279538
0.816452
0.999798
7.37861e-005
1.54023e-005
0.387172
0.761793
3.35891e-005
0.512683
0.951316
4.07746e-012
3.75427e-011
2.3263e-011
4.72988e-011
3.71664e-009
1.99146e-008
1.41814e-012
3.12935e-015
9.38909e-012
5.41533e-010
2.81442e-013
5.96655e-016
2.71984e-006
9.38553e-008
3.81232e-013
2.46828e-014
0.502077
0.499939
0.74926
1
4.48819e-005
0.266058
0.51767
0.948901
0.636666
1
1
1
0.243328
0.652078
0.490483
0.00548602
0.499156
0.499978
0.963276
1
0.0194027
7.11062e-005
0.0936114
0.892628
0.999982
0.999902
0.999072
0.906345
0.287752
0.499487
0.282502
6.86539e-005
1.41692e-005
1.57494e-005
1.58116e-005
1.22112e-005
1.26537e-005
1.29864e-005
6.19974e-006
2.74455e-006
1.61927e-005
2.08154e-005
4.72107e-006
1.57476e-006
1.38956e-005
1.10182e-005
4.93136e-006
1.70605e-006
0.501623
0.379599
0.00189568
1.26249e-005
1
0.755612
0.474915
0.428794
0.999839
0.00309133
5.88882e-009
0.00314719
0.981867
0.000759609
0.339036
0.63204
0.000100971
8.81379e-005
7.6943e-005
7.76264e-005
0.000123341
8.49662e-005
3.29716e-005
2.15469e-005
0.000108447
8.39873e-005
2.99798e-005
1.43892e-005
6.76977e-005
4.53619e-005
3.34719e-005
2.05343e-005
0.493021
0.503333
0.97299
0.999991
0.0125419
0.136031
0.0049562
0.00580464
0.615868
0.999871
0.369605
1.79113e-005
0.0771919
0.497186
0.0188932
7.32258e-008
0.240638
0.565732
0.497314
0.149813
0.00823876
0.479495
0.795983
0.668974
1.07498e-005
0.107212
0.680449
0.895527
0.721941
0.705048
0.998346
0.999905
0.000491047
0.500634
0.250717
4.02803e-010
0.00142492
0.928772
0.986206
0.0113045
1.64026e-009
0.427866
0.429474
0.0001522
0.601501
0.984093
0.570989
0.821344
