0.250906
0.499849
0.195157
1.54621e-009
0.999999
1
0.996227
0.494015
0.999999
0.644815
0.000620692
0.00232422
1
0.907904
0.222878
1.48088e-005
1.07678e-005
6.8247e-006
3.97449e-006
4.2582e-006
7.51764e-006
7.56703e-006
1.69172e-006
5.9944e-007
7.4032e-006
9.5751e-006
2.09495e-006
4.1074e-007
6.88752e-006
5.67916e-006
1.2764e-006
3.62395e-007
0.393429
0.377316
0.943771
0.970545
8.68914e-011
0.219333
0.777893
0.245681
1.724e-008
0.528099
0.999974
0.87791
4.07748e-009
0.49951
0.999999
0.999574
2.17789e-005
1.50279e-005
1.22232e-005
1.5602e-005
1.18468e-005
1.97746e-005
3.87403e-006
1.61181e-006
1.58725e-005
1.97771e-005
5.6928e-006
1.07382e-006
2.29142e-005
1.67247e-005
3.45122e-006
9.10057e-007
0.999994
0.998278
0.999999
0.999893
0.966509
0.281174
0.991703
1
0.996312
0.0131416
0.987316
1
0.458805
0.0505896
0.99986
1
0.508191
0.497927
0.499934
0.718027
0.289413
0.251768
9.06438e-008
3.71045e-009
0.949614
0.954564
0.000276657
3.38398e-012
0.934525
0.404144
8.57784e-007
8.9335e-013
0.276809
0.109336
0.14988
0.182369
1
0.428334
0.247017
0.877685
1
0.15379
8.04557e-007
0.100521
0.987377
0.000106408
1.83886e-005
0.461265
2.07374e-011
1.67581e-010
5.4437e-010
7.86339e-010
4.05888e-009
5.87171e-007
7.90324e-010
8.66822e-015
6.71559e-010
3.43393e-008
1.31487e-010
8.30044e-015
6.53803e-005
0.000131091
6.32939e-011
1.39195e-015
0.764965
0.500039
0.749007
1
5.52483e-007
0.151453
0.449691
0.761869
0.240844
0.999572
1
1
0.00144326
0.641339
0.929734
0.999245
0.502564
0.499999
0.909104
1
0.00115992
3.15452e-006
4.18599e-005
0.584113
0.992982
0.99506
0.940024
0.92812
0.0732331
0.493968
0.737046
0.730119
2.281e-005
2.20362e-005
1.98886e-005
1.6121e-005
1.58816e-005
1.43538e-005
6.69407e-006
3.69142e-006
1.81226e-005
2.75573e-005
8.59194e-006
2.45764e-006
2.03663e-005
1.77024e-005
8.21852e-006
2.26836e-006
0.460218
0.258172
0.000126815
1.1657e-007
1
0.993131
0.497906
0.46948
1
0.252967
5.11273e-008
0.00598554
0.999951
0.140879
3.18242e-009
7.23812e-005
0.000141902
0.000109167
8.87892e-005
9.55856e-005
0.000132146
0.000112914
3.2236e-005
2.13398e-005
0.000112789
0.000104734
4.24924e-005
1.58629e-005
8.14068e-005
6.66066e-005
3.44139e-005
1.96866e-005
0.50003
0.556523
0.999113
1
0.00160171
0.134051
0.00359584
0.157506
0.543222
0.999992
0.69033
0.00127122
0.190395
0.523037
0.597796
0.00175026
0.00026436
0.285518
0.499621
0.0524215
0.000124302
0.260916
0.801737
0.493502
2.08197e-006
0.00117112
0.573054
0.649948
0.50403
0.496651
0.889524
0.976289
5.98452e-006
0.499905
0.304936
1.57846e-009
0.000366888
0.752277
0.999999
0.481016
1.2522e-009
0.426957
0.993351
0.0405155
0.57993
0.998905
0.997839
0.135933
