0.583827
0.525013
0.231212
4.29738e-009
0.999998
0.999966
0.752233
0.057067
0.997995
0.24689
8.44892e-006
0.000189354
0.999855
0.605392
0.00439978
0.364474
5.44707e-006
4.23464e-006
2.37509e-006
2.23006e-006
7.86018e-006
8.25913e-006
1.34124e-006
4.31333e-007
6.62873e-006
7.90417e-006
1.47271e-006
2.92974e-007
6.44911e-006
4.43747e-006
1.18101e-006
4.1375e-007
0.0927022
0.33787
0.993635
0.955477
1.85749e-012
0.488811
0.996288
0.478291
1.2595e-006
0.986793
0.999998
0.971279
6.01786e-008
0.708021
0.999995
0.692218
1.01103e-005
9.04949e-006
6.88913e-006
7.14004e-006
1.43639e-005
2.15677e-005
2.9484e-006
9.4805e-007
1.34256e-005
1.73808e-005
3.85892e-006
7.60968e-007
1.44834e-005
1.14202e-005
2.71503e-006
6.9677e-007
0.999999
0.998966
1
1
0.984038
0.137757
0.998816
1
0.986309
0.226489
0.999615
1
0.850233
0.738707
1
1
0.00808561
0.000760267
0.23716
0.499985
0.26786
0.2425
4.59391e-010
2.10232e-014
0.726602
0.571238
1.38018e-006
4.84139e-014
0.469468
0.221666
5.80691e-009
6.06581e-015
0.719862
0.0720198
0.330498
0.246282
1
0.000822473
0.22337
0.884662
0.999996
7.89846e-005
6.20882e-007
0.166154
0.977533
3.86627e-006
0.218255
0.604946
7.21518e-011
6.70913e-009
1.53904e-011
2.59851e-011
1.10331e-007
1.98557e-006
7.83977e-010
7.94453e-015
2.48753e-009
3.59808e-008
1.0152e-011
6.83529e-016
1.4454e-007
4.1091e-007
2.03031e-012
7.43759e-015
0.499705
0.487086
0.534193
0.999972
2.37557e-006
0.247276
0.498458
0.753614
0.48785
0.999999
1
1
0.45616
0.69244
0.517754
0.499706
0.285109
0.472828
0.75014
1
0.013503
4.27927e-006
0.000400391
0.393615
0.999969
0.999883
0.985955
0.957375
0.499478
0.516173
0.500299
0.225846
1.31747e-005
1.52148e-005
1.34808e-005
9.29723e-006
1.50722e-005
1.55731e-005
5.61108e-006
2.53517e-006
1.80035e-005
2.33206e-005
5.77055e-006
1.99363e-006
1.74977e-005
1.80318e-005
7.30281e-006
1.72395e-006
0.689255
0.500773
0.128028
6.38532e-005
1
0.920264
0.48554
0.610365
0.999999
0.101161
2.47411e-009
0.00169211
0.999962
0.00035941
0.000916172
0.473635
0.000106818
8.7496e-005
7.05073e-005
6.75719e-005
0.000159074
0.000109823
3.03399e-005
1.943e-005
0.000112689
9.32499e-005
3.41765e-005
1.43755e-005
8.63639e-005
6.63999e-005
3.99235e-005
1.97033e-005
0.146192
0.499959
0.763258
0.999953
0.0531142
0.259778
0.0032478
0.000233145
0.821026
0.999997
0.510257
3.91434e-005
0.23181
0.593562
0.245357
3.90109e-006
0.215973
0.960591
0.52541
0.278205
0.000293556
0.502759
0.968237
0.990693
8.57364e-007
0.0369084
0.623902
0.840355
0.39071
0.552962
0.96681
0.998777
0.00190952
0.610303
0.484812
8.41568e-008
0.000202
0.861623
0.999999
0.441933
7.85804e-011
0.08286
0.851867
0.00581268
0.499935
0.797242
0.914777
0.540323
