0.150628
0.434597
0.296227
0.017378
0.520091
0.882414
0.687473
0.0532743
0.856206
0.013688
0.00111891
0.00224221
0.749269
0.260348
0.000225318
0.483359
2.99414e-006
1.32658e-006
8.69752e-007
1.59483e-006
1.7586e-006
1.12571e-006
5.46611e-007
4.34486e-007
1.52967e-006
8.5911e-007
4.71837e-007
3.41107e-007
2.2767e-006
7.33103e-007
3.65526e-007
7.53599e-007
0.72618
0.594811
0.0920579
0.00232609
0.393425
0.0479089
0.0363331
0.246354
0.459783
0.949486
0.590175
0.119576
0.841267
0.998818
0.994445
0.00261937
7.78497e-006
3.41514e-006
2.25003e-006
3.996e-006
3.262e-006
2.81266e-006
1.18275e-006
1.21864e-006
4.07826e-006
2.71985e-006
1.35902e-006
8.84214e-007
5.96516e-006
1.77727e-006
8.84355e-007
1.34574e-006
0.999974
1
1
1
0.999998
1
1
1
0.999971
0.999999
1
1
0.754614
1
1
1
0.0870972
2.53878e-007
5.32391e-006
0.290421
6.24354e-006
3.81786e-008
9.28301e-011
5.54587e-012
3.59033e-007
1.64237e-007
6.02426e-011
2.43077e-013
5.3606e-006
9.31742e-011
5.91035e-014
1.85209e-010
3.24397e-006
0.391416
0.997021
0.999849
0.148872
0.524456
0.861143
0.478623
0.684418
0.258741
0.256273
0.3994
1.60498e-005
0.00518252
0.776801
0.995279
5.71102e-012
2.43154e-014
1.3374e-015
4.16591e-014
7.14666e-013
1.32394e-013
1.36936e-014
1.24987e-015
5.66626e-013
1.54945e-014
2.34574e-016
2.19993e-016
2.96827e-006
9.94943e-011
5.13678e-016
1.43715e-015
0.999922
0.579709
0.626463
0.999827
0.737774
0.510311
0.577036
0.999953
0.498522
0.999993
1
0.999997
0.4928
0.502649
0.764756
0.254396
0.614783
0.483985
0.680242
1
0.0771406
0.13953
0.225824
0.682393
0.186528
0.994567
0.993333
0.385839
0.449726
0.515427
0.777161
0.00872676
1.02888e-005
7.34401e-006
5.08319e-006
9.7435e-006
5.1084e-006
5.38256e-006
2.79684e-006
2.79983e-006
6.39264e-006
6.434e-006
2.83669e-006
1.98516e-006
8.99223e-006
4.677e-006
2.29601e-006
2.61945e-006
0.252732
0.37723
0.499608
0.0216572
0.722924
0.787595
0.830915
0.288157
0.993281
0.00826689
0.0482025
0.280769
0.346265
1.41234e-006
0.00084194
0.940798
6.14534e-005
4.17234e-005
3.5026e-005
5.26985e-005
4.85527e-005
3.51153e-005
2.26127e-005
2.01972e-005
4.23446e-005
3.1058e-005
2.09668e-005
1.89915e-005
4.53848e-005
2.15475e-005
2.16029e-005
3.31066e-005
0.499521
0.352971
0.249377
0.985771
0.000167001
0.000413155
1.80705e-005
0.221953
0.000463059
0.0339003
3.84403e-005
4.17523e-007
0.014625
0.0133564
3.36674e-005
6.24702e-010
0.276214
0.869956
0.62954
0.00277223
0.475732
0.448937
0.526178
0.471824
0.82862
0.180928
0.123786
0.579119
0.987075
0.850916
0.956755
0.750426
0.122017
0.40008
0.00274398
1.52016e-009
0.36661
0.422752
0.236214
0.0269271
0.930624
0.052657
2.39661e-005
0.00023107
0.99885
0.531913
0.217859
1.45652e-007
