0.161081
0.498959
0.39542
0.0420779
0.374569
0.91888
0.814353
0.355782
0.996922
0.0733585
0.00031332
0.00128418
0.991368
0.508603
0.124733
0.0176236
4.64875e-006
1.49878e-006
7.252e-007
1.0254e-006
2.5518e-006
1.44189e-006
5.90842e-007
3.60067e-007
2.36457e-006
1.23126e-006
5.04472e-007
3.35303e-007
4.74726e-006
1.38509e-006
4.0016e-007
5.00802e-007
0.966832
0.598087
0.323045
0.388814
0.374647
0.189562
0.0176402
0.250266
0.322894
0.972281
0.880108
0.433629
0.598105
0.995037
0.997586
0.474378
1.08697e-005
3.57548e-006
1.82725e-006
2.70018e-006
4.22346e-006
3.6129e-006
1.25857e-006
9.52627e-007
5.70439e-006
3.72109e-006
1.31966e-006
9.17755e-007
1.3989e-005
3.17368e-006
9.10247e-007
1.07358e-006
0.999964
1
1
1
0.999951
1
1
1
0.99987
0.999996
1
1
0.233581
0.998376
1
1
0.095117
2.14032e-006
1.01704e-006
0.00301421
9.1658e-006
2.79922e-008
2.25234e-010
6.06859e-012
9.54152e-006
3.19238e-006
6.2649e-010
3.3025e-013
0.000150668
1.00976e-009
1.03971e-013
1.93908e-012
6.40302e-008
0.387362
0.98712
0.998684
0.258199
0.455794
0.889198
0.425073
0.770684
0.0991091
0.114789
0.169029
0.000475456
0.00849523
0.409225
0.890418
7.79803e-011
1.44529e-013
2.60485e-014
2.58181e-016
5.70411e-012
4.51086e-013
6.00049e-014
4.41616e-015
1.10185e-011
1.17263e-014
2.60401e-015
1.08523e-015
0.00228013
3.4483e-008
2.6857e-013
1.95629e-015
0.98683
0.500017
0.500155
0.996637
0.685127
0.509059
0.514114
0.988847
0.337777
0.999962
1
1
0.247831
0.499991
0.527398
0.61195
0.535431
0.499493
0.49999
0.808988
0.106247
0.114929
0.0830477
0.209195
0.0639935
0.994609
0.99921
0.600621
0.0134697
0.403736
0.668637
0.25118
1.44376e-005
7.84962e-006
3.87403e-006
6.68474e-006
6.60053e-006
6.61444e-006
2.65954e-006
2.18735e-006
8.35291e-006
8.9078e-006
3.15195e-006
1.97541e-006
1.37611e-005
6.83694e-006
2.47951e-006
2.39176e-006
0.139518
0.476589
0.499999
0.389463
0.802119
0.872223
0.922137
0.466411
0.997277
0.00512727
0.00537458
0.0401927
0.500967
0.000306679
1.26356e-005
0.576249
7.43637e-005
4.23212e-005
2.9836e-005
4.13587e-005
6.29909e-005
4.21723e-005
2.08445e-005
1.56216e-005
5.061e-005
4.15392e-005
2.20697e-005
1.75152e-005
7.43485e-005
3.03758e-005
1.91855e-005
2.72078e-005
0.500013
0.491472
0.469202
0.642824
0.000561551
0.00019688
6.90282e-006
6.8486e-005
0.00103659
0.3214
0.00989204
1.70959e-006
0.000785394
0.00209436
0.000588845
1.47023e-007
0.426302
0.978638
0.663693
0.332669
0.512903
0.475938
0.513168
0.694668
0.9545
0.101941
0.18789
0.490055
0.999989
0.993666
0.995646
0.966726
0.177297
0.501845
0.314034
0.000602767
0.290963
0.509449
0.43013
0.376421
0.751441
0.148883
0.00010266
0.000385679
1
0.841602
0.500604
3.99184e-005
