0.436704
0.49978
0.497343
0.203875
0.731558
0.610374
0.448189
0.14326
0.785256
0.000761605
0.000101066
0.00451673
0.743119
0.220076
3.70982e-005
0.394148
3.46356e-006
1.63811e-006
7.81895e-007
1.33739e-006
2.54119e-006
1.77388e-006
7.33328e-007
4.81952e-007
1.92693e-006
1.15368e-006
5.84586e-007
3.66811e-007
2.70793e-006
9.09573e-007
4.22948e-007
7.28701e-007
0.489912
0.509328
0.20849
0.00127771
0.220927
0.291334
0.417231
0.104975
0.467145
0.986209
0.945403
0.111015
0.992198
0.998996
0.998012
0.00558452
8.54129e-006
3.90446e-006
2.09352e-006
3.27591e-006
5.10871e-006
4.84919e-006
1.57759e-006
1.32748e-006
5.88406e-006
3.27208e-006
1.54187e-006
9.26726e-007
6.81754e-006
2.01074e-006
1.02546e-006
1.27337e-006
0.999944
1
1
1
0.99996
0.999994
1
1
0.99975
0.999997
1
1
0.658194
0.999999
1
1
0.0692341
1.0417e-007
1.33578e-009
0.148963
0.000510266
5.63007e-006
1.89714e-010
3.17704e-011
2.97612e-006
8.68954e-006
6.95636e-011
1.10661e-013
6.59976e-005
7.46164e-011
3.5684e-014
2.33096e-010
0.000351105
0.362532
0.999798
0.999999
0.288357
0.0814699
0.47215
0.668119
0.483132
0.0229977
0.0235031
0.453912
4.93226e-006
0.00268087
0.762072
0.995789
3.62117e-011
2.42945e-012
1.00321e-014
9.94639e-016
2.44253e-012
2.96404e-012
3.42342e-014
5.3941e-016
4.6443e-012
8.73886e-014
7.8107e-016
7.41713e-016
3.74997e-005
4.9014e-010
1.31827e-015
5.40067e-016
0.934915
0.496439
0.406547
0.997512
0.630895
0.560062
0.752416
0.999866
0.531108
0.999999
1
0.999998
0.509701
0.512052
0.715451
0.272558
0.501679
0.00300555
0.3421
0.999992
0.233214
0.487874
0.296123
0.541565
0.461732
0.999958
0.986306
0.276701
0.48024
0.514881
0.596446
0.128187
9.47582e-006
7.89248e-006
4.77632e-006
9.38526e-006
7.56748e-006
7.68045e-006
3.6117e-006
3.34413e-006
8.43654e-006
8.46629e-006
3.3303e-006
1.95652e-006
1.04002e-005
5.11545e-006
2.64075e-006
2.61841e-006
0.470557
0.496699
0.50751
0.515725
0.855565
0.664321
0.627431
0.251056
0.772229
0.000447877
0.000734266
0.483643
0.192755
3.76728e-006
0.0148267
0.866663
5.87411e-005
4.27106e-005
3.2547e-005
4.78939e-005
5.94902e-005
4.58574e-005
2.49583e-005
2.10943e-005
4.72256e-005
3.61248e-005
2.5476e-005
2.00842e-005
4.742e-005
2.4448e-005
2.43664e-005
3.23215e-005
0.440692
0.0224673
0.000845773
0.59785
0.00397128
0.0926445
7.43679e-005
0.152927
0.0259618
0.569138
0.000483479
2.9545e-007
0.128146
0.0345275
3.30081e-005
1.20019e-008
0.12981
0.919808
0.913178
0.0290613
0.268941
0.23984
0.526305
0.288574
0.564144
0.320434
0.376667
0.610886
0.952426
0.968405
0.986698
0.765802
0.174177
0.854779
0.264275
2.20808e-008
0.221256
0.41828
0.43999
0.00697602
0.981342
0.164211
9.7938e-005
0.00010823
0.999447
0.718396
0.226565
1.13896e-007
