0.000217627
0.36941
0.449111
0.107293
0.242201
0.918382
0.434612
0.113588
0.993247
0.154062
6.88546e-005
0.000230184
0.813824
0.428284
0.00290694
0.0182909
2.73218e-006
1.11181e-006
7.05137e-007
1.00205e-006
1.53535e-006
9.12399e-007
4.60557e-007
3.1795e-007
1.36737e-006
5.94412e-007
3.52148e-007
3.03941e-007
2.77263e-006
6.99319e-007
2.76229e-007
4.40054e-007
0.998911
0.727607
0.0365852
0.355244
0.647897
0.0760569
0.0210048
0.243954
0.311232
0.752906
0.732787
0.338568
0.780441
0.994989
0.997038
0.377964
6.66196e-006
2.3554e-006
1.74288e-006
2.74532e-006
2.42213e-006
2.01863e-006
1.04685e-006
8.69357e-007
3.18215e-006
1.96544e-006
9.80151e-007
7.66757e-007
7.96028e-006
1.68367e-006
6.00951e-007
8.72308e-007
0.999988
1
1
1
1
1
1
1
0.999989
1
1
1
0.547233
0.999997
1
1
3.77865e-005
2.57529e-010
3.96038e-008
0.00247557
1.26289e-008
4.67339e-010
3.6174e-010
1.14689e-011
2.74718e-008
1.00579e-009
1.23798e-011
2.40983e-013
6.37304e-006
4.18014e-011
3.4469e-015
4.17756e-013
7.92771e-007
0.639042
0.997837
0.999492
0.26595
0.961882
0.982186
0.189496
0.809388
0.57578
0.675225
0.252909
0.000135236
0.00306666
0.7203
0.987145
9.86642e-012
1.1728e-014
1.12627e-014
2.5398e-016
2.92544e-013
6.43853e-015
1.79414e-014
3.20825e-015
1.22711e-012
3.96974e-015
4.81153e-016
2.64586e-016
5.93549e-005
4.4893e-010
3.43076e-014
9.7688e-016
0.999389
0.501417
0.488632
0.99778
0.266654
0.494278
0.750156
0.999889
0.255961
0.999968
1
1
0.250212
0.500012
0.537338
0.58743
0.718065
0.387402
0.499102
0.794947
0.0121016
0.0796406
0.44908
0.436782
0.0825506
0.85882
0.999305
0.59399
0.238525
0.497383
0.657335
0.23354
1.08279e-005
5.42149e-006
3.16314e-006
7.09654e-006
4.47687e-006
4.21419e-006
2.47318e-006
1.96274e-006
5.33932e-006
4.80175e-006
2.47948e-006
1.76178e-006
9.51136e-006
3.88627e-006
1.71315e-006
2.04714e-006
0.0147541
0.371939
0.50013
0.426624
0.735274
0.980492
0.863236
0.387852
0.99198
0.236685
0.0115516
0.0363242
0.497667
3.69479e-006
4.79995e-005
0.717998
6.20303e-005
3.50236e-005
2.86765e-005
3.99493e-005
4.81602e-005
3.35813e-005
2.02358e-005
1.44484e-005
3.71768e-005
2.62007e-005
1.70104e-005
1.78166e-005
4.75775e-005
2.15624e-005
1.6198e-005
2.5143e-005
0.496998
0.00778747
0.0427518
0.666258
2.5625e-005
2.04792e-005
2.29892e-005
0.000123164
0.00015318
0.038504
0.001167
8.496e-007
0.0023111
0.0043195
0.000158859
4.26254e-008
0.582673
0.977563
0.681366
0.343941
0.962984
0.680846
0.507259
0.585285
0.983095
0.0816322
0.142324
0.560259
0.999752
0.98101
0.996194
0.989036
0.0327871
0.264043
0.0729227
0.000777852
0.285671
0.212021
0.0894156
0.10517
0.949921
0.279252
3.31181e-005
0.000157646
1
0.746077
0.457251
6.30081e-006
