0.187275
0.495492
0.16804
0.0470292
0.821442
0.99627
0.555077
0.0335794
0.981018
0.241561
0.000616011
0.00303161
0.745039
0.159305
3.77023e-005
0.254336
3.2118e-006
1.27286e-006
6.06423e-007
1.2851e-006
2.72249e-006
1.60076e-006
5.82858e-007
4.69293e-007
2.38757e-006
1.2287e-006
5.28569e-007
3.75972e-007
3.09532e-006
1.01226e-006
3.95583e-007
6.00707e-007
0.713028
0.677039
0.246647
0.0152882
0.103038
0.0888542
0.256841
0.161295
0.264796
0.92723
0.928253
0.334758
0.668651
0.998942
0.998406
0.224825
7.82483e-006
3.13621e-006
1.4833e-006
3.14936e-006
4.4412e-006
4.06973e-006
1.17188e-006
1.21262e-006
6.2806e-006
3.9453e-006
1.3144e-006
9.50483e-007
8.23492e-006
2.4708e-006
8.83284e-007
1.10284e-006
0.999982
1
1
1
0.999826
0.999997
1
1
0.988725
0.999953
1
1
0.65177
0.999999
1
1
0.00849834
7.68879e-009
1.02366e-009
0.0638928
2.14925e-005
4.7287e-008
8.10763e-012
3.7188e-012
9.35234e-005
1.29512e-006
7.90714e-012
3.66744e-014
0.00870052
3.83623e-008
1.42427e-013
1.65309e-011
0.00110459
0.43749
0.949255
0.999997
0.4599
0.351936
0.919218
0.739621
0.755429
0.0309536
0.0603711
0.416832
4.62377e-005
9.28905e-005
0.319781
0.941595
1.50001e-011
5.4623e-014
1.11209e-014
1.55469e-016
1.77604e-011
6.54499e-013
6.32873e-014
7.24281e-016
1.55454e-011
6.10031e-013
1.21501e-014
5.95435e-016
1.81599e-006
5.83969e-011
3.23339e-015
7.97177e-016
0.990062
0.500237
0.517454
0.998776
0.0271688
0.323021
0.513541
0.999807
0.254325
0.999934
1
0.999998
0.686557
0.543876
0.850886
0.471057
0.563235
0.379618
0.488058
0.99983
0.00601283
0.00235304
0.0574258
0.514949
0.261392
0.89176
0.979034
0.290062
0.501891
0.612784
0.800708
0.230007
1.04717e-005
6.79738e-006
3.27497e-006
8.89708e-006
6.28527e-006
6.91265e-006
3.02346e-006
3.39534e-006
8.30457e-006
8.57994e-006
3.03944e-006
2.07685e-006
1.12183e-005
6.10247e-006
2.26675e-006
2.51817e-006
0.294856
0.470951
0.500569
0.344867
0.952411
0.923544
0.902382
0.423436
0.995541
0.221903
0.0110199
0.3377
0.33244
1.48691e-008
0.000782888
0.752694
6.08405e-005
3.9581e-005
2.79638e-005
4.64503e-005
6.16711e-005
4.62912e-005
2.30584e-005
2.1569e-005
5.11653e-005
3.64048e-005
2.05951e-005
1.97302e-005
5.19668e-005
2.86417e-005
2.2072e-005
2.92944e-005
0.499035
0.141285
0.00737813
0.608082
1.94886e-005
0.000412089
7.68593e-005
0.0498988
0.102876
0.471056
0.00609144
2.42178e-007
0.38644
0.387271
0.00646061
7.74742e-008
0.312055
0.986853
0.818503
0.141862
0.615153
0.556303
0.821553
0.532561
0.379032
0.00862221
0.381726
0.832965
0.664864
0.558567
0.959046
0.951068
0.0864511
0.499085
0.222131
8.09837e-008
0.442324
0.985711
0.718425
0.0108252
0.678572
0.477021
0.00146344
0.000160613
0.980645
0.512456
0.239808
4.9662e-007
