0.0323807
0.289199
0.1743
0.00404433
9.59433e-006
5.18325e-007
0.287204
0.768783
0.794599
0.435073
0.00149616
0.00684872
0.879779
0.399668
0.0738754
0.498367
5.2775e-006
2.19184e-006
1.37667e-006
2.2674e-006
2.25733e-006
1.54412e-006
8.41014e-007
5.14735e-007
2.32802e-006
7.42487e-007
4.72222e-007
3.72045e-007
3.69696e-006
9.61365e-007
5.65e-007
6.49225e-007
0.161056
0.379844
0.290997
0.196542
0.999911
0.805002
0.477036
0.00387262
0.779609
0.578538
0.681684
0.209723
0.997751
0.618054
0.956686
0.271622
1.73749e-005
6.7667e-006
3.38267e-006
6.90681e-006
5.5286e-006
3.04353e-006
1.55753e-006
1.27112e-006
4.08626e-006
1.71598e-006
1.30382e-006
1.36476e-006
1.10435e-005
2.51996e-006
1.18569e-006
1.30021e-006
0.98961
0.999991
1
1
0.999999
1
1
1
0.999126
1
1
1
0.274388
0.999999
1
1
0.225281
3.83628e-007
7.08741e-006
0.495574
0.000658173
9.19464e-005
3.83026e-007
7.37699e-009
9.13831e-011
2.17959e-009
1.40587e-009
3.02644e-010
0.0177236
7.24708e-010
1.92305e-013
7.84905e-011
0.188466
0.0239512
0.523169
0.810068
0.0617065
0.18415
0.00339901
0.856161
0.367102
0.999986
0.903413
0.767206
4.06377e-005
0.497815
0.697925
0.956386
1.07692e-008
2.18559e-009
9.2755e-012
3.51724e-011
1.64804e-011
1.02876e-011
3.38938e-013
1.50543e-014
1.88352e-008
8.69534e-014
3.98257e-015
1.98287e-016
0.00483748
8.56959e-010
3.47921e-014
2.10098e-015
0.999986
0.868533
0.722748
0.987355
0.978125
0.999999
0.968298
0.909618
3.32587e-005
0.421478
0.999991
1
0.38313
0.981199
0.713115
0.499987
0.74114
0.010212
0.500387
0.998406
1
0.998685
0.354528
0.304571
9.66215e-006
0.287076
0.971832
0.992157
0.0800775
0.392337
0.500734
0.493736
1.84438e-005
8.2173e-006
6.99202e-006
9.68827e-006
1.25332e-005
5.85236e-006
2.49868e-006
2.97621e-006
6.58411e-006
4.9696e-006
2.83049e-006
2.67983e-006
1.1377e-005
5.60238e-006
3.01259e-006
2.7933e-006
0.588422
0.745062
0.482633
0.264212
4.64368e-007
6.64506e-005
0.248162
0.57024
0.653575
0.541378
0.300448
0.0110273
0.366722
0.53283
0.241068
0.500075
8.7864e-005
5.53999e-005
3.69885e-005
5.99836e-005
5.99703e-005
4.93496e-005
2.56822e-005
1.9355e-005
3.70655e-005
3.18984e-005
2.3535e-005
1.81292e-005
4.86548e-005
2.8691e-005
2.3731e-005
2.66759e-005
0.235945
0.129248
0.499961
0.887524
0.99976
0.735659
0.0016348
0.00121351
7.8708e-005
0.00105929
7.83356e-005
1.57851e-005
0.00679736
9.62687e-005
3.63386e-005
4.78961e-007
0.00061992
0.571262
0.830468
0.18745
0.375267
0.0204446
0.434165
0.411292
1
0.994132
0.518806
0.024156
0.999997
0.997572
0.977918
0.632551
0.000418121
0.372821
0.242623
6.28451e-007
0.0397921
3.78444e-008
0.0489463
0.0251874
0.999639
0.504689
0.00232857
8.17095e-006
1
0.997297
0.107712
0.256553
