0.000851147
0.0110478
0.141224
0.000384181
5.38436e-005
3.79905e-005
0.338218
0.309899
0.938133
0.521161
0.012291
0.000738333
0.999677
0.797986
0.27428
0.508215
9.46759e-006
2.9326e-006
1.94108e-006
3.43069e-006
3.30588e-006
1.47635e-006
7.95876e-007
5.67233e-007
3.76031e-006
9.71881e-007
5.4e-007
3.69556e-007
6.83535e-006
1.48566e-006
8.08051e-007
8.51065e-007
0.734973
0.410524
0.36213
0.305099
0.999315
0.559614
0.281275
0.00555442
0.75443
0.477921
0.953718
0.421043
0.995326
0.559236
0.909895
0.248408
3.00762e-005
9.00956e-006
4.70949e-006
1.02325e-005
7.71249e-006
2.84941e-006
1.46399e-006
1.44856e-006
6.84648e-006
2.22212e-006
1.4318e-006
1.26639e-006
1.90847e-005
3.78427e-006
1.62679e-006
1.54217e-006
0.924832
0.999997
1
1
0.999866
1
1
1
0.949
1
1
1
0.148877
0.99896
1
1
0.437476
0.00261488
0.0880498
0.525622
2.62094e-005
5.83089e-005
7.72822e-008
1.6754e-009
1.00881e-009
2.3509e-008
2.12404e-009
4.09479e-010
0.211833
6.65816e-007
3.01953e-012
4.77838e-011
0.00147269
0.00153541
0.414231
0.650962
0.0122908
0.258657
0.0442554
0.661022
0.320805
0.999991
0.954198
0.590931
7.95089e-005
0.42228
0.499072
0.98008
7.88807e-009
4.27966e-011
7.27506e-012
4.88291e-009
8.95355e-011
7.11655e-012
6.47382e-013
1.6544e-014
6.93522e-006
8.62689e-013
4.81818e-014
1.66187e-016
0.228757
4.86552e-007
3.2856e-012
4.45326e-014
1
0.999895
0.808061
0.999229
0.964787
0.999989
0.926453
0.990712
2.08799e-005
0.0460331
0.999661
1
0.175951
0.672029
0.590949
0.495764
0.998827
0.475471
0.580316
1
0.999995
0.966536
0.381412
0.486291
8.18196e-007
0.141156
0.828573
0.997378
0.0029437
0.111175
0.405429
0.233238
3.04856e-005
1.18574e-005
9.74842e-006
1.32876e-005
1.85934e-005
5.58368e-006
2.35813e-006
3.26072e-006
9.38488e-006
6.19459e-006
3.38664e-006
2.73187e-006
1.81833e-005
7.10054e-006
3.6682e-006
3.13052e-006
0.00725136
0.486619
0.310345
0.0334969
1.16195e-006
0.00937543
0.286867
0.588174
0.640779
0.604606
0.23524
0.000961636
0.25439
0.677344
0.274159
0.51479
0.000119718
7.17682e-005
4.60359e-005
8.29848e-005
6.95181e-005
4.86137e-005
2.51333e-005
2.08118e-005
4.39786e-005
3.66856e-005
2.5802e-005
1.81678e-005
7.52965e-005
3.4704e-005
2.86287e-005
2.96235e-005
0.934276
0.499458
0.502822
0.999963
0.998653
0.391297
0.00114351
0.172521
6.46914e-005
0.00070741
0.000253432
2.97777e-005
0.00556564
0.00044139
7.39034e-006
5.34964e-008
0.00371842
0.216781
0.662362
0.0124877
0.677783
0.0170488
0.456498
0.299697
1
0.991382
0.636568
0.0830182
1
0.998875
0.998751
0.928705
2.41591e-006
0.0304711
0.0330474
1.52748e-008
0.248674
9.67302e-008
0.00845327
0.00843164
0.999988
0.530818
0.252085
1.33101e-005
1
0.999891
0.508675
0.483245
