1.86296e-005
0.0201005
0.473338
0.25061
0.000909702
0.00303928
0.510208
0.53337
0.987305
0.628416
0.00268212
0.000209911
0.999995
0.997705
0.510524
0.285585
5.10469e-006
1.64443e-006
1.05323e-006
1.5774e-006
2.55082e-006
1.16386e-006
6.79346e-007
4.54642e-007
3.45422e-006
8.57018e-007
5.17062e-007
3.95226e-007
9.03095e-006
2.30221e-006
1.19359e-006
5.14171e-007
0.913914
0.430688
0.0555866
0.235072
0.999444
0.360276
0.239292
0.0148087
0.907678
0.337406
0.889685
0.478352
0.999917
0.0505357
0.962608
0.733269
1.61303e-005
4.54906e-006
2.54475e-006
4.20558e-006
5.58404e-006
2.30587e-006
1.43328e-006
1.23276e-006
6.78231e-006
1.89845e-006
1.31876e-006
1.22242e-006
3.18914e-005
5.1752e-006
1.97794e-006
1.1661e-006
0.99862
1
1
1
0.999968
1
1
1
0.787014
1
1
1
0.0376236
0.845616
0.999997
1
0.161044
9.82918e-008
1.0292e-007
0.246151
5.86538e-008
3.04797e-006
5.52632e-008
1.41491e-008
4.72048e-011
1.53588e-009
1.2314e-010
4.14368e-011
0.245369
2.4825e-006
6.45255e-013
3.0638e-013
6.3653e-005
0.197134
0.818798
0.982149
0.084059
0.5744
0.399021
0.622526
0.154194
0.999997
0.979919
0.400159
2.79333e-006
0.549568
0.443137
0.919447
1.19067e-009
1.40917e-012
7.06806e-014
3.3691e-015
1.86016e-010
1.70339e-013
2.81103e-014
1.71452e-014
0.00139506
6.91364e-012
6.21116e-013
1.363e-015
0.540104
5.86592e-005
3.40507e-008
2.62294e-014
1
0.998738
0.553733
0.929019
0.758856
0.999456
0.991287
0.99394
8.58448e-007
0.00706483
0.999206
1
0.000481587
0.095719
0.491897
0.49827
0.99776
0.0151753
0.498373
0.750899
0.963446
0.877483
0.488336
0.285119
3.62852e-008
0.108978
0.843025
0.998664
5.07242e-008
0.000959066
0.0868952
0.485767
2.01007e-005
7.81719e-006
5.07296e-006
7.44182e-006
1.36069e-005
4.84777e-006
2.4566e-006
2.61098e-006
8.28533e-006
5.25649e-006
3.50031e-006
2.82479e-006
2.36388e-005
8.9447e-006
4.04079e-006
2.96204e-006
0.0937223
0.499672
0.500016
0.498925
2.82953e-005
0.123088
0.500176
0.50109
0.596046
0.808797
0.20487
0.00214336
0.23067
0.91129
0.120667
0.24763
8.44503e-005
5.31223e-005
3.32165e-005
4.70215e-005
5.41438e-005
4.42733e-005
2.35943e-005
1.64583e-005
4.32599e-005
3.3789e-005
2.65353e-005
1.90258e-005
9.05319e-005
4.21913e-005
2.97078e-005
2.18153e-005
0.65521
0.0205081
0.47274
0.544435
0.613366
0.0305374
8.03379e-005
1.67992e-005
1.42653e-006
2.43809e-005
6.3197e-005
4.34448e-005
7.6705e-007
6.64987e-007
2.80109e-006
2.30346e-005
0.261816
0.646879
0.831893
0.320754
0.761815
0.0577642
0.187375
0.226695
1
0.998545
0.750291
0.188404
1
0.99961
0.999854
0.967661
0.00361117
0.00747657
0.0116048
0.00232605
0.438581
2.43075e-007
0.00176223
0.167072
1
0.731499
0.25523
2.83528e-005
1
0.999313
0.7544
0.474697
