0.00102492
0.0319072
0.431898
0.0314307
2.04082e-005
7.40298e-006
0.391474
0.230357
0.772743
0.465448
0.000556472
0.000163488
0.99729
0.676532
0.0359285
0.510443
4.71995e-006
2.24068e-006
1.31242e-006
1.94144e-006
1.74382e-006
1.38208e-006
7.52564e-007
4.53807e-007
2.11943e-006
7.76776e-007
4.38647e-007
3.29983e-007
4.22721e-006
1.11753e-006
5.34067e-007
6.03277e-007
0.566566
0.487754
0.133104
0.0304195
0.999494
0.545991
0.522627
0.016897
0.748502
0.628176
0.960876
0.486393
0.988633
0.521604
0.915007
0.245098
1.54045e-005
6.58831e-006
3.40879e-006
5.98028e-006
4.04753e-006
2.70463e-006
1.49638e-006
1.14149e-006
3.77472e-006
1.65185e-006
1.18874e-006
1.05521e-006
1.22249e-005
2.7934e-006
1.16889e-006
1.16614e-006
0.994216
0.999994
1
1
0.999999
1
1
1
0.999723
1
1
1
0.255734
0.999991
1
1
0.258109
2.78821e-005
2.44998e-006
0.473714
4.67332e-005
3.18557e-005
7.30683e-008
2.38906e-009
5.90976e-011
1.50041e-009
2.77248e-010
1.49231e-011
0.0250647
3.86066e-009
1.62076e-014
6.69392e-012
0.000230363
0.0283951
0.734413
0.83058
0.235962
0.229898
0.00466433
0.792545
0.421246
0.999981
0.855691
0.744136
0.000130695
0.49525
0.698171
0.994594
2.18013e-009
6.68449e-010
1.74084e-013
1.12606e-012
3.55035e-011
1.15647e-011
3.86009e-014
1.00393e-014
5.77793e-008
1.69622e-013
7.93419e-015
1.28543e-016
0.0625233
3.15864e-008
4.8182e-013
4.57493e-015
1
0.998697
0.681624
0.991964
0.964794
0.999999
0.998094
0.998583
0.000106372
0.352812
0.999947
1
0.231163
0.572889
0.646608
0.371446
0.93589
0.0133357
0.498764
0.995679
0.999996
0.986997
0.499923
0.636795
2.67748e-005
0.399741
0.922712
0.997951
0.000774535
0.0290356
0.333214
0.0816201
1.57066e-005
8.75053e-006
7.56569e-006
8.73807e-006
9.74872e-006
5.28998e-006
2.59995e-006
2.74895e-006
5.9894e-006
5.04165e-006
2.80715e-006
2.46528e-006
1.18146e-005
5.68932e-006
2.88105e-006
2.43438e-006
0.208788
0.351827
0.499347
0.310674
4.83579e-006
0.0132871
0.410262
0.50206
0.687802
0.545688
0.214264
0.00104457
0.341004
0.725761
0.25829
0.551545
7.87956e-005
5.79654e-005
3.89261e-005
5.74275e-005
4.75585e-005
4.37942e-005
2.52092e-005
1.88426e-005
3.5201e-005
3.23964e-005
2.40626e-005
1.80944e-005
5.3547e-005
3.03171e-005
2.37101e-005
2.45384e-005
0.692301
0.0653035
0.495412
0.789886
0.997443
0.506666
0.000378248
0.000346679
7.54309e-005
0.00152716
7.58447e-005
1.6712e-005
0.000973435
4.50912e-005
3.98114e-006
1.02077e-008
0.000115744
0.520758
0.82046
0.144893
0.35168
0.0670159
0.259211
0.406669
1
0.998532
0.619898
0.212819
0.999999
0.999312
0.999724
0.982958
5.79906e-006
0.325515
0.118637
1.56581e-006
0.21891
4.88356e-007
0.0275756
0.00847528
0.998636
0.50539
0.117857
5.83063e-006
1
0.999934
0.439509
0.140067
