0.0044126
0.0543749
0.295489
0.0377125
8.64199e-005
2.19861e-006
0.324096
0.783612
0.859792
0.418862
0.00169266
0.00403018
0.995006
0.673296
0.479597
0.730308
5.32499e-006
1.85927e-006
1.13846e-006
1.74163e-006
2.16821e-006
1.22287e-006
7.52631e-007
4.58859e-007
2.45702e-006
7.13692e-007
4.65779e-007
3.57178e-007
5.6425e-006
1.19414e-006
7.7171e-007
1.07025e-006
0.526494
0.330218
0.232865
0.168947
0.999594
0.719929
0.240535
0.00201881
0.836808
0.682827
0.728197
0.2012
0.998687
0.628525
0.595896
0.0202127
1.69046e-005
5.45448e-006
2.86712e-006
5.36621e-006
5.24683e-006
2.43631e-006
1.38498e-006
1.16704e-006
4.37749e-006
1.55148e-006
1.26912e-006
1.21559e-006
1.46934e-005
2.72407e-006
1.51883e-006
2.04782e-006
0.996514
0.999997
1
1
0.999999
1
1
1
0.996194
1
1
1
0.235668
0.99999
1
1
0.151312
9.93831e-007
1.83912e-006
0.450488
3.32781e-005
2.25201e-006
3.90082e-008
6.55332e-009
4.03067e-011
1.41043e-010
6.7473e-010
2.34025e-010
0.0426749
1.57604e-009
3.59646e-012
3.77568e-010
0.0729032
0.0180335
0.548018
0.806251
0.175209
0.344969
0.0452361
0.771537
0.403175
0.999984
0.995016
0.668343
3.95666e-005
0.4515
0.971642
0.997585
1.49276e-009
1.48003e-010
8.35885e-013
4.89404e-012
9.9154e-012
9.85841e-013
5.46343e-014
1.217e-014
4.29917e-007
1.59909e-013
2.7881e-015
2.36511e-016
0.103831
5.59564e-008
1.37479e-013
2.13321e-012
0.999995
0.999152
0.704082
0.943835
0.978349
1
0.979183
0.931306
5.24347e-006
0.258411
0.999844
1
0.0681189
0.49255
0.500114
0.267851
0.986694
0.0364089
0.499952
0.984477
0.999978
0.995464
0.324429
0.103914
1.88082e-006
0.216901
0.97336
0.995303
4.01188e-005
0.0623094
0.409432
0.0467952
1.89041e-005
7.98839e-006
5.74476e-006
7.84726e-006
1.20359e-005
4.95013e-006
2.38403e-006
2.52398e-006
7.12408e-006
4.95717e-006
3.07606e-006
2.54811e-006
1.38124e-005
5.86596e-006
3.63109e-006
3.40883e-006
0.334864
0.518034
0.497731
0.295132
1.95889e-007
4.74316e-005
0.271949
0.520978
0.722978
0.595326
0.319806
0.0126716
0.235065
0.661262
0.686284
0.6817
8.44042e-005
4.68647e-005
3.3402e-005
5.0057e-005
5.82788e-005
4.56834e-005
2.42016e-005
1.78369e-005
3.69933e-005
3.15926e-005
2.41186e-005
1.84804e-005
6.14567e-005
3.18626e-005
2.87757e-005
3.44214e-005
0.398189
0.217592
0.499861
0.778797
0.992533
0.431958
6.45656e-005
0.000145918
1.3784e-005
0.000135974
1.92904e-005
1.13526e-005
0.000413723
2.31114e-005
3.19575e-006
3.1405e-009
0.00140768
0.460287
0.840003
0.18083
0.602113
0.0970028
0.396116
0.44607
1
0.999518
0.572091
0.0113548
1
0.999892
0.996816
0.794107
2.10831e-005
0.121477
0.0511325
3.21018e-006
0.246974
2.83162e-008
0.00895127
0.0418734
0.999981
0.60499
0.0135351
1.07913e-005
1
0.999788
0.27972
0.458811
