0.487945
0.982379
1
1
0.444323
0.84687
1
1
1
1
1
1
0.978918
0.631253
0.528705
0.4997
1.25973e-005
9.21923e-006
6.48222e-006
2.47632e-006
6.30828e-006
1.18294e-005
9.0083e-006
4.04935e-006
2.82753e-006
6.77958e-006
1.18292e-005
6.70785e-006
4.93439e-006
6.29832e-006
9.14163e-006
5.18759e-006
0.996349
0.162558
7.10301e-009
3.51466e-006
0.506821
0.0588019
1.95096e-009
1.44747e-006
0.000134565
2.02048e-007
2.29633e-006
5.51318e-006
0.453564
0.478624
5.58488e-006
0.268282
4.95884e-005
3.2256e-005
1.77818e-005
1.05605e-005
1.70307e-005
2.11814e-005
2.85186e-005
1.6913e-005
1.08764e-005
1.98027e-005
4.23247e-005
2.39055e-005
2.14737e-005
1.66623e-005
2.5272e-005
2.24789e-005
8.30492e-006
0.0101715
0.0354816
3.72948e-007
0.64398
0.360719
0.00131476
3.01787e-008
0.271106
0.222038
0.116105
1.7381e-007
8.01893e-008
0.0328792
0.538818
0.308558
1
1
1
1
1
1
1
1
0.666813
0.999586
1
1
0.999987
0.999988
1
1
0.012978
0.951529
1
0.999578
0.254876
0.998811
0.999661
0.963871
0.998838
0.999998
0.999993
0.794643
0.474131
0.665827
0.911592
0.216765
0.29475
6.88399e-005
0.00307527
0.620882
5.4054e-008
3.43102e-007
0.230698
0.988439
0.000841287
4.74055e-005
0.001586
0.791838
0.59442
0.00174052
3.14554e-005
0.00073061
0.999811
0.689072
0.00597285
9.92907e-005
0.999954
0.64752
0.0508327
0.280034
0.000130206
7.5951e-006
0.00408837
0.808012
0.49999
0.749706
0.998957
0.999992
0.513052
0.141687
0.00011461
1.12831e-006
0.999863
0.472113
0.153769
0.0048799
5.59688e-005
0.0493669
0.943833
0.525494
0.315684
0.75301
0.999881
0.999996
2.88368e-005
2.07504e-005
1.30645e-005
5.14653e-006
1.95889e-005
2.0303e-005
1.68559e-005
6.68116e-006
9.54259e-006
2.07509e-005
2.67664e-005
1.19469e-005
1.18583e-005
1.37498e-005
2.2935e-005
1.3187e-005
0.000393538
0.155659
0.999937
0.999422
3.00712e-008
0.0354904
0.996395
0.937335
0.532018
0.999797
0.980738
0.471143
0.501928
0.384293
0.101413
0.00494205
0.000124002
0.00010494
7.74758e-005
4.00593e-005
7.88536e-005
0.000114849
0.000101271
5.21502e-005
4.08336e-005
9.69261e-005
0.000137673
9.41618e-005
6.56861e-005
6.63603e-005
9.55429e-005
7.66788e-005
0.998773
0.73749
0.83847
0.915172
0.999834
0.995568
0.999908
0.999988
0.000102011
0.505725
0.999949
1
0.505562
0.992167
1
1
3.06571e-006
3.99461e-008
4.12274e-011
1.18332e-005
2.61512e-005
3.58651e-008
3.2232e-010
5.6371e-008
0.374566
9.60815e-005
3.45053e-012
3.24225e-009
0.379613
0.000233834
1.10607e-013
1.16717e-012
0.196844
0.230237
0.00427888
0.680474
0.0035648
1.22515e-006
0.000100443
0.0103874
0.976547
0.289052
5.71039e-006
0.00138757
0.554443
0.25494
8.8103e-011
1.21782e-006
