0.500656
0.963678
1
1
0.384438
0.751506
1
1
1
1
1
1
0.994769
0.791871
0.75827
0.60191
1.48318e-005
9.84608e-006
7.74871e-006
4.2062e-006
1.08398e-005
1.40077e-005
1.07224e-005
4.41706e-006
2.92661e-006
6.67867e-006
1.18854e-005
8.22188e-006
6.13166e-006
7.98794e-006
1.27356e-005
8.35201e-006
0.963999
0.50272
4.44276e-007
9.12147e-009
0.521376
0.166872
1.66033e-009
2.97049e-008
4.24361e-005
7.60472e-007
1.15029e-007
3.35482e-006
0.329131
0.0577823
0.00172402
0.0278142
6.55795e-005
3.20448e-005
2.2789e-005
1.54442e-005
2.86588e-005
3.21392e-005
2.77988e-005
1.81919e-005
1.51792e-005
1.87944e-005
4.38848e-005
3.36806e-005
2.95794e-005
2.3001e-005
3.56468e-005
3.29287e-005
7.95197e-006
0.000272033
0.0719106
0.00039322
0.0962222
0.250522
0.0420424
4.96182e-008
0.17053
0.166606
0.000409009
1.27053e-008
1.02755e-008
0.000332169
0.0742217
0.248401
1
0.999991
0.999996
1
1
1
1
1
0.900598
0.999559
1
1
0.999994
0.999999
1
1
0.0148294
0.647555
1
0.999983
0.00186423
0.824091
0.999999
0.994028
0.877822
1
0.999999
0.717726
0.485864
0.7348
0.784196
0.115505
0.461134
0.00098841
3.41308e-006
0.0508334
1.32449e-006
5.35666e-008
0.148014
0.842172
0.000436503
0.000600231
0.100064
0.99319
0.913598
0.237143
0.00065662
0.0262593
0.938138
0.473286
1.41509e-005
9.60208e-005
1
0.958454
0.0563919
0.00334885
0.00284049
4.51445e-006
6.25682e-006
0.476965
0.499992
0.500059
0.870798
0.999995
0.487656
0.000594478
4.00979e-006
0.204322
0.999997
0.512809
0.0150219
1.7303e-005
0.00091233
0.00559791
0.354828
0.487332
0.24192
0.541567
0.998079
0.999999
2.89734e-005
2.42962e-005
1.79817e-005
9.87155e-006
2.84675e-005
2.49831e-005
1.96722e-005
7.32033e-006
1.05235e-005
2.09965e-005
2.57245e-005
1.44287e-005
1.44895e-005
1.72653e-005
2.64967e-005
1.71832e-005
0.0950241
0.0259125
0.99957
0.974799
4.5217e-009
0.0208503
0.992178
0.999484
0.514461
0.973882
0.999909
0.667228
0.530765
0.505083
0.364306
3.18182e-005
0.00012879
0.000100496
8.40296e-005
5.92203e-005
9.59529e-005
0.000142863
0.000108886
5.45546e-005
4.40954e-005
8.0737e-005
0.000136713
0.000106287
7.84587e-005
8.02143e-005
0.000122547
9.70252e-005
0.98204
0.460788
0.087396
0.81972
1
0.997806
0.94139
0.777239
0.0023044
0.253047
0.998467
0.999999
0.484817
0.774771
1
1
0.00596259
0.000757629
7.04244e-009
2.87449e-007
6.09246e-007
5.55634e-008
6.19396e-010
2.26493e-006
0.203991
0.00398914
2.10029e-009
9.16212e-009
0.324888
0.00919956
8.61144e-012
6.02985e-013
0.254054
0.515808
0.129912
0.262624
0.000169555
7.92325e-007
0.000306295
0.379572
0.99865
0.448813
0.000471706
0.00879684
0.550743
0.317107
2.11553e-007
1.38198e-007
