0.505398
0.97072
1
1
0.399673
0.74856
1
1
1
1
1
1
0.999876
0.978492
0.524495
0.499754
1.21444e-005
9.04349e-006
8.4144e-006
4.17302e-006
8.89762e-006
1.24712e-005
1.15451e-005
3.67351e-006
2.30977e-006
5.52613e-006
1.1109e-005
5.93576e-006
4.5854e-006
5.01521e-006
8.4065e-006
5.38154e-006
0.950513
0.524286
5.63987e-006
1.83449e-010
0.556201
0.208597
8.5911e-008
3.93763e-007
0.000365601
2.85403e-006
1.07899e-005
1.90826e-005
0.204143
0.103653
0.246917
0.0405671
5.54957e-005
2.78744e-005
2.39078e-005
1.3894e-005
2.50798e-005
2.8144e-005
2.68031e-005
1.28369e-005
1.20898e-005
1.51529e-005
3.7946e-005
1.82444e-005
2.09827e-005
1.60576e-005
2.48262e-005
1.54541e-005
4.21583e-006
0.000403045
0.110074
0.0006724
0.0658659
0.34339
0.101589
6.01633e-006
0.208519
0.217719
0.00178746
2.48143e-007
6.26657e-009
0.000148849
0.261635
0.266993
1
0.999997
0.999998
1
1
1
1
1
0.929809
0.998204
1
1
0.999979
0.999996
0.999999
1
0.0644443
0.607028
1
1
0.000459524
0.784177
1
0.999815
0.649169
1
1
0.988202
0.422019
0.638738
0.685165
0.62529
0.44302
0.000747657
3.14534e-008
0.00507762
2.28065e-006
1.04072e-008
0.00151059
0.404755
0.000426426
8.3009e-005
0.00141879
0.369608
0.912339
0.208685
1.2044e-006
9.17868e-005
0.984617
0.757357
0.00161278
2.19304e-005
1
0.996017
0.398958
0.0283334
0.0121063
1.18798e-005
0.000300427
0.444543
0.499713
0.500053
0.999902
1
0.487606
0.000131931
3.67536e-005
0.0114949
0.999998
0.527361
0.00562475
0.000602925
0.00147051
0.00425208
0.35243
0.241283
0.0116915
0.581063
0.999945
0.999977
2.39605e-005
2.22443e-005
2.01696e-005
1.09953e-005
2.35253e-005
2.34796e-005
2.17992e-005
6.47729e-006
8.34275e-006
1.81101e-005
2.67575e-005
1.03932e-005
1.00166e-005
1.1019e-005
2.28405e-005
1.25618e-005
0.0556398
0.00166855
0.754692
0.999733
1.29337e-009
0.00692793
0.885863
0.989993
0.501104
0.833759
0.997573
0.855811
0.580295
0.501526
0.230998
0.00310735
0.000123354
9.4604e-005
8.59446e-005
6.27894e-005
8.16686e-005
0.000129016
0.000115612
5.33128e-005
3.67137e-005
6.64322e-005
0.000140704
7.92693e-005
6.38581e-005
5.25589e-005
8.91433e-005
7.09721e-005
0.992987
0.5445
0.199205
0.935227
1
0.993864
0.796307
0.999422
0.00572784
0.0897994
0.987774
0.999991
0.473306
0.769578
0.999999
1
0.000529786
0.000587542
8.65786e-009
1.02704e-010
1.31503e-006
1.39893e-007
7.19396e-010
6.73559e-009
0.1894
0.00250578
2.12904e-008
4.88649e-009
0.366416
0.0110019
3.47371e-009
3.88419e-012
0.250502
0.521227
0.0977215
0.0019443
0.00119422
2.41725e-006
3.9563e-005
0.0030701
0.999128
0.516991
0.00364418
0.001689
0.627899
0.495693
0.000326722
1.27752e-009
