0.524065
0.999751
1
1
0.45134
0.915737
1
1
1
1
1
0.999974
0.874024
0.501099
0.243981
0.02232
1.08751e-005
6.82714e-006
5.64913e-006
2.82853e-006
8.67042e-006
1.15793e-005
1.02955e-005
2.19538e-006
3.19169e-006
6.7487e-006
1.33767e-005
5.18696e-006
5.40207e-006
4.60781e-006
7.59342e-006
4.19668e-006
0.993493
0.0446162
2.32839e-007
1.55292e-008
0.363822
0.00424198
2.40944e-009
0.000155669
1.3336e-005
1.00968e-005
0.0040945
0.00057672
0.13549
0.676035
0.646721
0.619129
4.61923e-005
2.28326e-005
1.76703e-005
1.06029e-005
2.35261e-005
2.63206e-005
2.69873e-005
9.51708e-006
1.43057e-005
1.8926e-005
4.80725e-005
1.71244e-005
2.60703e-005
1.38178e-005
2.30631e-005
1.25363e-005
1.03365e-005
0.000790211
0.0185815
2.16675e-005
0.515766
0.163508
0.000674797
9.38173e-008
0.45442
0.00729282
0.000705329
4.12662e-006
3.00239e-007
0.0548193
0.518224
0.508196
1
0.999975
0.999994
1
1
1
1
1
0.83158
0.999971
1
1
0.999988
0.999812
0.999962
0.999919
0.0482438
0.894157
1
1
0.270667
0.992462
0.999931
0.990167
0.999962
0.999995
0.999526
0.70219
0.728853
0.258121
0.456771
0.226092
0.199713
5.59699e-005
7.44954e-006
0.00570244
2.23389e-007
4.91571e-006
0.222456
0.750348
0.00101364
0.00311738
0.0272364
0.316083
0.771149
0.165675
3.25474e-008
1.58047e-007
0.995781
0.312578
1.36132e-005
2.95888e-006
0.999985
0.984687
0.00447108
0.104213
0.00239406
2.48589e-005
0.376328
0.990378
0.499994
0.750012
1
1
0.39607
7.65924e-006
1.59102e-006
8.93315e-006
0.999927
0.47639
0.00885757
0.000147306
0.00120233
0.226377
0.945189
0.477795
0.486899
0.787456
1
1
2.31907e-005
1.58941e-005
1.40893e-005
7.47409e-006
2.39741e-005
1.80537e-005
1.78562e-005
4.18574e-006
1.23144e-005
1.81035e-005
3.01311e-005
9.76859e-006
1.39109e-005
1.09211e-005
2.51282e-005
1.1577e-005
0.00456205
0.205682
0.98097
0.999245
1.868e-006
0.175835
0.969262
0.829954
0.721635
0.989177
0.734378
0.274904
0.545513
0.319489
3.79443e-007
4.17333e-006
0.000104338
7.74493e-005
6.39107e-005
4.58102e-005
9.24095e-005
0.000118865
0.00010413
3.70177e-005
4.59008e-005
8.76046e-005
0.000147752
7.84538e-005
7.52563e-005
5.31309e-005
7.65297e-005
6.84258e-005
0.987214
0.272668
0.0122973
0.323683
0.999984
0.991719
0.72106
0.981811
0.00036989
0.577594
0.999972
1
0.505105
0.999084
1
1
6.88894e-005
0.000299449
2.59335e-008
1.68001e-007
2.01804e-007
8.55713e-009
2.24517e-009
9.58948e-007
0.198488
0.00081032
5.5942e-009
5.89984e-009
0.099351
0.000367625
4.28548e-009
5.80034e-010
0.249211
0.571539
0.728209
0.650723
2.80452e-006
3.45334e-006
0.00195954
0.301879
0.784353
0.549509
0.000238369
0.000319693
0.500121
0.473503
6.43443e-009
1.282e-011
