0.622887
0.999083
1
1
0.0198069
0.915564
1
1
0.999999
1
1
1
0.505112
0.491677
0.488435
0.992239
1.43575e-005
9.47728e-006
8.30219e-006
4.14921e-006
1.42651e-005
1.37926e-005
8.98067e-006
5.86009e-006
5.31225e-006
7.03888e-006
9.69034e-006
1.71779e-005
5.65207e-006
3.45961e-006
5.34931e-006
2.01802e-005
0.998063
0.531885
2.41278e-007
1.26892e-009
0.509833
0.0136273
5.52613e-009
2.4949e-009
9.33685e-005
0.0725307
0.00114493
3.3762e-010
0.492217
0.752591
0.492504
4.16215e-013
6.26391e-005
2.9406e-005
2.47282e-005
1.37099e-005
3.58954e-005
3.73803e-005
2.74544e-005
2.40955e-005
2.18541e-005
1.56804e-005
2.89313e-005
6.41821e-005
2.41505e-005
1.42367e-005
2.05607e-005
7.77678e-005
3.55325e-008
1.44548e-005
0.0213317
1.57893e-005
0.0164153
0.00522357
0.0667822
2.00535e-006
0.21577
0.00391193
0.368547
0.0164932
3.22157e-006
0.276098
0.995511
0.740772
1
0.999997
0.999999
1
1
1
1
1
0.993877
0.998935
1
1
0.982986
0.416777
0.715457
1
0.00117479
0.72099
1
0.999998
0.0133176
0.870094
1
0.995924
0.998463
0.98091
1
0.99865
0.499525
0.22044
0.750498
0.999998
0.677236
0.00635406
2.0727e-005
0.308327
7.43776e-005
1.96023e-007
0.00213855
0.982978
4.58021e-005
2.18682e-006
0.0011518
0.723385
0.662669
0.000141058
1.16073e-008
0.479112
0.735556
0.323513
9.41876e-006
3.71971e-007
1
0.999804
0.395023
0.335245
0.03854
0.21324
0.562863
0.474192
0.501343
0.99951
0.999998
0.933379
0.291172
3.32014e-005
2.91117e-007
1.4112e-006
0.999986
0.713547
0.493765
0.0456923
0.169298
0.65696
0.999928
0.795645
0.500165
0.790701
1
0.998965
2.58251e-005
2.26052e-005
1.93785e-005
8.50476e-006
2.9946e-005
2.46433e-005
2.07274e-005
8.87418e-006
1.87859e-005
2.03413e-005
2.58234e-005
2.54724e-005
1.76482e-005
9.81458e-006
2.27256e-005
3.83572e-005
0.00277648
0.024486
0.999449
0.999969
1.1707e-008
0.000322779
0.818318
0.99747
0.50098
0.255562
0.495279
0.996557
0.50014
0.250895
0.253365
1
0.000112543
9.54558e-005
8.5105e-005
5.58782e-005
0.00010742
0.000143554
0.000105469
7.1761e-005
6.5955e-005
8.20457e-005
0.000118236
0.000190351
7.93745e-005
5.62315e-005
8.02793e-005
0.000203654
0.97675
0.423214
0.0210726
0.102437
1
0.999696
0.995374
0.993893
0.326006
0.595484
0.999779
1
0.508365
0.751061
0.999936
0.999995
0.0832992
0.00716126
8.66297e-009
1.69727e-006
4.14206e-008
1.80489e-007
4.10242e-012
2.47794e-007
0.255129
0.231152
1.30135e-006
1.13652e-011
0.0062476
0.000590299
5.24541e-009
6.53044e-014
0.448563
0.760463
0.219283
0.778823
2.7988e-007
4.50593e-006
1.10353e-006
0.236921
0.905925
0.852697
0.000189929
3.55495e-008
0.500086
0.298191
1.98849e-008
3.16631e-013
