0.958948
0.889582
0.362323
0.999579
0.999987
0.996954
0.567456
0.929856
0.52533
0.00583608
0.000185462
0.00473184
5.12382e-005
6.08637e-009
4.78527e-009
2.89088e-007
7.69602e-006
1.95001e-006
4.58951e-007
9.26151e-007
1.53587e-005
3.82717e-006
7.8281e-007
1.48455e-006
1.07567e-005
2.52418e-006
5.41347e-007
8.03186e-007
4.69258e-006
1.03733e-006
2.97601e-007
3.0301e-007
0.528305
0.963832
0.409236
1.36335e-006
0.494654
0.996138
0.471361
3.74197e-005
0.502022
0.998948
0.846293
0.00594969
0.984253
0.999999
0.995759
0.935308
1.61276e-005
3.90225e-006
1.00581e-006
1.37871e-006
3.36367e-005
8.32806e-006
2.20585e-006
2.65015e-006
2.59177e-005
7.79661e-006
1.81638e-006
1.8647e-006
1.3981e-005
2.90715e-006
7.01282e-007
6.94136e-007
0.810739
0.999981
1
1
0.0215629
0.825064
1
1
0.0607183
0.994536
1
1
0.992892
1
1
1
0.000298466
4.09032e-012
2.82048e-014
5.51207e-011
0.741241
0.117007
1.09992e-008
0.000122717
0.748148
0.00105937
6.12762e-012
1.90627e-008
0.164374
5.5355e-007
3.8086e-014
2.02663e-012
0.0702216
0.287518
0.925769
0.999996
0.0258695
0.00867231
0.500613
0.999462
0.365727
2.07195e-007
0.495177
0.786282
0.000474215
8.3272e-005
0.261303
0.793266
1.45959e-007
4.92642e-011
5.59085e-013
2.01478e-011
2.23542e-006
2.44155e-009
4.96114e-013
6.59589e-013
5.94571e-009
1.13497e-011
7.40617e-014
3.11864e-014
3.74726e-011
1.35435e-014
6.58382e-015
4.63797e-016
0.000117012
0.000112149
0.0452722
0.000790927
0.248321
0.51713
0.854811
0.728295
0.999785
1
1
0.999983
1
1
0.999995
0.999968
5.75436e-006
1.50979e-008
6.30618e-007
8.06307e-007
0.00162082
0.00830117
0.622122
0.973675
0.999071
0.987167
0.998136
0.999914
1
0.999948
0.997846
0.999996
2.18081e-005
6.93831e-006
2.48506e-006
2.86079e-006
2.99285e-005
1.32347e-005
5.6459e-006
6.70971e-006
2.9193e-005
9.17379e-006
3.91396e-006
5.07175e-006
2.3829e-005
6.34328e-006
2.0731e-006
2.01819e-006
0.741678
0.528377
0.864451
1
0.785147
0.250167
0.309329
0.999482
0.498256
2.89172e-006
0.0463619
0.749629
0.00136665
1.50116e-009
1.03118e-005
0.00055869
9.85333e-005
5.3364e-005
2.33702e-005
2.74617e-005
0.000154681
5.06676e-005
2.82048e-005
2.82432e-005
0.000135728
4.75024e-005
2.45501e-005
2.29738e-005
9.41095e-005
3.89321e-005
1.86694e-005
1.58839e-005
0.00218459
2.0593e-006
1.39554e-007
6.45466e-008
0.728596
0.368079
0.0127373
0.00885996
0.999763
0.968987
0.0261141
0.0320324
0.999118
0.348337
0.00314147
0.0804879
0.708316
0.999998
0.999985
0.886468
0.24596
0.426503
0.298928
0.000831955
0.038297
0.107663
0.450578
0.0325318
0.347353
0.328217
0.764156
0.552361
0.984903
1
0.502877
0.155227
0.56166
0.999975
0.5
9.36071e-007
0.00500173
0.442306
0.307923
1.87704e-008
0.00119436
0.00145852
0.000710636
1.63828e-007
