0.682109
0.995867
1
1
0.000113807
0.239141
0.98468
0.99999
0.800739
0.993995
0.999097
0.619657
0.877047
0.396485
0.00613238
2.52454e-005
5.55014e-006
2.15407e-006
1.33168e-006
9.65212e-007
6.95401e-006
3.53151e-006
2.33954e-006
1.73769e-006
3.05972e-006
2.96192e-006
2.63421e-006
1.54645e-006
3.76782e-006
1.88662e-006
1.05345e-006
5.75491e-007
0.995227
0.801201
0.000218856
4.51689e-007
0.992592
0.916923
0.000428206
6.05161e-006
0.301966
0.0579582
0.089602
0.468286
0.245338
0.268578
0.894305
0.985433
1.71348e-005
4.19471e-006
3.04651e-006
2.38065e-006
2.16321e-005
6.90785e-006
6.67538e-006
5.13479e-006
8.0391e-006
6.32357e-006
6.65846e-006
3.93422e-006
9.12492e-006
4.73491e-006
3.54431e-006
1.7169e-006
0.0154425
0.999997
1
1
0.567231
0.999965
0.999954
0.999361
0.99937
1
0.999993
0.999948
0.479949
0.999992
1
1
0.320583
6.03016e-008
5.22806e-008
1.60846e-007
0.503117
0.000837155
0.203378
0.138938
0.21776
0.00203039
0.213763
0.18372
0.00011731
2.8126e-007
2.07896e-009
1.61943e-010
7.83558e-006
0.628236
0.99999
0.999935
6.83423e-008
0.36799
0.995599
0.971105
0.432483
0.996962
0.999939
0.829557
0.61017
0.275938
0.164546
0.498009
0.000332844
3.42489e-010
8.70139e-014
3.62535e-013
3.79348e-009
3.00133e-012
2.56508e-013
1.59859e-012
4.73326e-011
1.40839e-012
1.51424e-014
2.8012e-014
2.83827e-009
5.57439e-011
5.34429e-013
4.31721e-015
0.5063
0.00192185
2.85134e-006
8.68552e-006
1
0.999999
0.989784
0.750067
0.698875
0.00902154
0.699235
1
0.500581
0.931872
1
1
0.00384437
6.85347e-008
6.47861e-011
3.41577e-009
0.999493
0.741447
0.482956
0.161644
0.497236
0.481546
0.754139
0.999984
0.401709
0.525939
0.9963
0.999991
1.67695e-005
6.73985e-006
4.60627e-006
3.09488e-006
2.2495e-005
1.13966e-005
8.51436e-006
5.43464e-006
1.41267e-005
1.36582e-005
1.50365e-005
8.82283e-006
1.18617e-005
6.81577e-006
4.90866e-006
4.01952e-006
0.0139293
0.764728
0.999999
1
6.17701e-008
0.0578953
0.719999
0.714393
0.00593762
0.347218
0.166038
0.000446864
0.514938
0.571023
0.258637
7.92265e-005
5.80837e-005
4.03121e-005
3.63265e-005
2.43746e-005
9.19636e-005
6.83281e-005
5.11695e-005
2.94352e-005
5.13036e-005
5.1389e-005
6.64507e-005
4.04819e-005
5.90848e-005
4.48498e-005
3.04746e-005
2.27893e-005
0.528226
0.000104074
1.50029e-009
1.209e-007
1
0.422933
3.38421e-005
0.00100218
0.50334
0.0885605
0.0181042
0.725686
0.325684
0.512441
0.396731
0.0175073
0.386611
0.93315
0.500368
0.164376
0.000637209
0.0185822
3.14816e-005
2.62502e-007
0.0556543
0.0545177
0.00136443
0.000782885
0.237056
0.0251798
0.000663248
0.036652
0.999741
0.999368
0.791848
0.995087
0.119543
0.0148557
1.91295e-005
0.0679581
0.645075
0.339202
0.235707
0.00461053
0.775924
0.408263
0.000579284
1.21841e-005
