0.601189
0.788205
1
1
0.0312403
0.0103297
0.922819
1
0.984239
0.98923
0.999655
0.996406
0.686141
0.478781
0.0689427
0.00526797
8.99972e-006
3.50413e-006
2.39438e-006
1.80723e-006
1.43441e-005
5.62043e-006
4.14098e-006
3.74645e-006
6.57113e-006
4.93777e-006
4.38474e-006
3.57216e-006
7.77827e-006
3.49074e-006
1.692e-006
1.05267e-006
0.996855
0.999661
0.00133454
3.24534e-008
0.865768
0.999946
0.0279518
4.3102e-007
0.450943
0.657087
0.0572779
0.0815471
0.664748
0.81566
0.807496
0.870897
3.82719e-005
8.26137e-006
5.50993e-006
4.54463e-006
4.54858e-005
1.33185e-005
9.96509e-006
9.26499e-006
2.05768e-005
1.14422e-005
1.00395e-005
8.04756e-006
2.44089e-005
8.11892e-006
5.91293e-006
2.90533e-006
3.21162e-007
0.822451
0.999994
0.999976
0.000399046
0.797508
0.999849
0.986824
0.0248422
0.999775
0.999981
0.998109
2.65217e-006
0.84372
1
1
0.786528
0.000430957
2.72988e-006
5.89714e-005
0.998595
0.15027
0.313944
0.927114
0.809194
0.0549971
0.262918
0.675445
0.556317
0.000102054
1.84776e-007
8.15173e-007
5.20622e-006
0.0963064
0.999984
0.999971
8.84822e-008
0.01772
0.98835
0.999354
0.133091
0.599281
0.999815
0.999581
0.0307809
0.199884
0.279681
0.594577
0.581345
5.92149e-006
7.71203e-013
2.05438e-012
2.9423e-005
3.92976e-010
1.31419e-012
8.40859e-012
5.59146e-006
8.28476e-010
2.09195e-013
7.28778e-013
0.000843705
5.50631e-008
4.35639e-012
8.57776e-014
0.503651
0.234876
1.40575e-005
1.11662e-006
1
1
0.996274
0.702707
0.542549
0.140299
0.370364
0.997177
0.503709
0.856485
1
1
0.102158
1.54351e-007
3.04489e-010
8.50955e-010
0.99472
0.787021
0.495293
0.0594627
0.316823
0.427905
0.607449
0.995441
0.367963
0.5015
0.984914
1
2.13798e-005
9.77166e-006
7.88413e-006
5.16217e-006
3.59124e-005
1.80744e-005
1.30659e-005
8.8636e-006
1.9791e-005
2.09875e-005
2.15992e-005
1.33351e-005
1.85633e-005
1.00015e-005
7.57653e-006
5.80353e-006
0.0188918
0.160667
0.999991
1
9.09389e-008
1.91178e-006
0.744349
0.746444
0.0231571
0.00507063
0.360536
0.00967074
0.166931
0.306127
0.486164
0.0107033
7.51066e-005
5.37988e-005
4.9728e-005
3.79345e-005
0.000123866
8.96151e-005
7.06867e-005
5.06539e-005
7.48838e-005
6.56744e-005
8.72586e-005
6.08938e-005
9.0295e-005
6.1452e-005
4.07079e-005
2.83374e-005
0.651149
0.022631
3.44434e-008
6.47771e-007
1
0.780436
0.00124547
0.00269686
0.52984
0.372298
0.0117298
0.513784
0.63146
0.63408
0.593424
0.372129
0.403236
0.937031
0.260518
0.00166773
0.000295674
0.0281209
1.74019e-005
1.36377e-008
0.232769
0.410641
0.00550985
1.43008e-005
0.481655
0.437367
0.000913431
0.000167145
0.836276
0.999998
0.733122
0.993479
0.50155
0.481636
3.71193e-005
0.00435535
0.99725
0.953157
0.257924
0.00189734
0.982056
0.516521
0.0109091
2.05244e-007
