0.826825
0.996383
0.999999
1
0.000962234
0.341977
0.999569
0.999999
0.934301
0.999824
0.998318
0.674246
0.790652
0.302677
7.74935e-005
3.63542e-006
4.59537e-006
1.96168e-006
1.35377e-006
1.21402e-006
5.38762e-006
3.13864e-006
2.30961e-006
1.82254e-006
2.8384e-006
2.73976e-006
2.53701e-006
1.54221e-006
3.96692e-006
1.76661e-006
9.42275e-007
4.84107e-007
0.815046
0.484689
7.28018e-005
1.18413e-007
0.867242
0.742942
0.000184478
4.51901e-006
0.199668
0.00472227
0.0476673
0.284208
0.34341
0.455174
0.987239
0.993677
1.33623e-005
3.68735e-006
3.16275e-006
3.20007e-006
1.47986e-005
5.71176e-006
5.59333e-006
5.08016e-006
7.94285e-006
6.35256e-006
7.93723e-006
4.39797e-006
1.01885e-005
4.06223e-006
3.00947e-006
1.31315e-006
0.246523
0.999998
1
1
0.82066
0.999998
0.999981
0.999181
0.994156
0.999995
0.999988
0.99994
0.313376
0.999962
1
1
0.249071
1.34685e-008
2.49512e-008
2.12618e-007
0.495422
0.00136893
0.25218
0.452957
0.110833
0.000334247
0.115758
0.264057
0.00097129
1.52267e-006
4.8777e-008
7.68154e-009
0.000422942
0.877517
0.999986
0.999932
7.93239e-007
0.49849
0.999011
0.998555
0.559265
0.98436
0.998785
0.992262
0.657277
0.257788
0.0160538
0.394779
5.89405e-006
7.19801e-011
2.22312e-013
3.60076e-013
6.66201e-010
4.09507e-013
8.16079e-014
1.06569e-012
7.54388e-011
7.05046e-012
3.32542e-014
2.25047e-014
3.08608e-008
1.27215e-010
2.69537e-013
1.17025e-015
0.498462
0.0175736
0.00061699
1.97596e-005
1
0.999988
0.997734
0.88057
0.392651
0.000656231
0.695243
0.999995
0.500008
0.93766
1
1
0.00379455
1.43187e-006
1.48526e-009
7.54393e-007
0.999972
0.902578
0.350786
0.0725442
0.278809
0.00793438
0.615294
0.999134
0.470733
0.800427
0.999997
1
1.41556e-005
7.04571e-006
4.60464e-006
4.28306e-006
1.88019e-005
1.05197e-005
8.41316e-006
5.46278e-006
1.2779e-005
1.17057e-005
1.35867e-005
8.02186e-006
1.34934e-005
7.50424e-006
5.16525e-006
3.29949e-006
0.224807
0.917319
1
0.999999
1.18398e-006
0.0190208
0.727784
0.693381
0.0387452
0.50319
0.636639
0.00985547
0.673195
0.499786
0.0234686
5.83069e-006
5.38122e-005
4.09841e-005
3.80715e-005
2.94607e-005
8.03364e-005
6.00973e-005
4.89513e-005
3.02039e-005
5.17942e-005
4.99432e-005
6.27168e-005
3.59857e-005
6.04839e-005
4.3898e-005
2.92785e-005
1.83041e-005
0.502663
0.000180075
1.80413e-009
6.92992e-007
1
0.366703
9.32442e-006
0.00320154
0.354626
0.0014069
0.00200719
0.197322
0.325876
0.605006
0.703354
0.231014
0.327885
0.800397
0.457346
0.0413841
0.000668289
0.0346486
8.2785e-005
1.85962e-007
0.254447
0.154217
0.00240151
7.31676e-005
0.46525
0.125972
0.000276059
0.00345554
0.999406
0.988024
0.505362
0.933897
0.0196476
0.00084617
1.5713e-005
0.0318668
0.809521
0.52425
0.270844
6.38924e-005
0.866027
0.441554
0.000143384
1.44524e-007
