0.785873
0.8614
0.999972
1
0.00238005
0.219536
0.997521
1
0.89833
0.999106
0.999697
0.798392
0.936392
0.356382
8.94861e-005
1.09051e-005
5.15885e-006
1.71704e-006
1.3521e-006
1.66813e-006
6.53152e-006
2.8926e-006
2.63348e-006
3.28648e-006
3.05869e-006
2.64325e-006
3.18765e-006
3.82826e-006
3.81121e-006
1.99485e-006
1.16517e-006
9.67153e-007
0.881678
0.957566
0.000742917
7.78702e-010
0.743212
0.968947
0.00333418
1.43211e-007
0.176034
0.00533322
0.000734357
0.0780938
0.346334
0.429514
0.900218
0.967312
1.78265e-005
3.66939e-006
3.35e-006
4.02507e-006
1.88721e-005
5.77117e-006
6.00558e-006
7.68718e-006
9.34622e-006
6.84564e-006
1.06934e-005
9.47285e-006
1.15435e-005
4.47109e-006
3.39983e-006
2.1077e-006
0.00228672
0.999931
1
0.999998
0.525452
0.999998
0.999999
0.984263
0.931231
0.999988
0.999993
0.99081
0.035105
0.999787
1
1
0.358073
2.82003e-008
5.81905e-008
2.6144e-005
0.623106
0.00132571
0.261803
0.994554
0.26471
0.000128767
0.0733119
0.559945
0.0205492
1.12695e-005
3.67968e-006
0.000131261
5.02009e-005
0.34948
0.999993
0.999999
3.18502e-007
0.180664
0.999376
0.999992
0.399819
0.997317
0.960071
0.999888
0.642083
0.413505
0.186796
0.168037
0.00171665
1.76676e-009
1.76623e-013
7.28649e-011
3.18215e-008
4.05717e-012
1.70629e-013
2.70272e-010
1.21618e-010
1.07658e-010
1.34115e-012
9.75708e-012
1.48561e-007
5.102e-010
5.73875e-012
5.46951e-014
0.499959
0.350649
0.0576556
2.48678e-007
1
0.998569
0.767628
0.221022
0.638888
0.00294739
0.495337
0.798831
0.499995
0.861016
1
1
0.00352879
4.28499e-005
1.40778e-007
4.12988e-008
0.999974
0.90834
0.350612
0.0938662
0.265598
0.000233075
0.4737
0.98529
0.307171
0.841376
0.999999
1
1.42228e-005
6.53172e-006
5.10326e-006
4.55776e-006
2.09077e-005
1.00657e-005
1.0885e-005
6.73904e-006
1.23371e-005
1.16441e-005
1.67784e-005
1.37232e-005
1.35542e-005
8.92569e-006
6.34642e-006
5.34281e-006
0.228347
0.486149
1
1
6.23645e-007
6.80657e-006
0.750806
0.998947
0.000305336
0.50605
0.880295
0.62193
0.550873
0.498074
0.0349619
4.10269e-007
5.53817e-005
3.6318e-005
3.83052e-005
3.70735e-005
8.19992e-005
5.58438e-005
5.59698e-005
4.73286e-005
5.29899e-005
5.07753e-005
7.58858e-005
6.51228e-005
5.6464e-005
4.89377e-005
3.4037e-005
2.47074e-005
0.506541
0.0186101
1.98588e-009
1.85194e-007
1
0.50118
3.88079e-005
0.0367455
0.464796
0.00221058
0.0112062
0.782752
0.27001
0.853945
0.977645
0.823054
0.317501
0.966092
0.427507
0.00221036
0.000271944
0.248355
0.00125991
1.75229e-008
0.159428
0.0524938
0.00337491
3.83927e-007
0.535469
0.103151
0.00011931
0.000198587
0.989355
0.999866
0.24033
0.323774
0.121584
0.0338356
0.000794341
5.32819e-006
0.711811
0.538151
0.432103
1.28915e-005
0.998955
0.398678
0.000120938
2.71024e-010
