0.930793
0.990078
0.999999
1
0.000641698
0.180225
0.999949
1
0.853379
0.99956
0.99999
0.995707
0.833167
0.281002
0.00154386
0.000192985
4.56102e-006
1.7155e-006
1.59632e-006
1.90311e-006
6.40905e-006
3.11004e-006
2.85435e-006
2.23084e-006
3.43345e-006
3.03428e-006
4.3264e-006
3.56255e-006
4.0672e-006
1.91939e-006
1.49381e-006
1.36054e-006
0.820069
0.890898
1.23442e-005
3.81215e-010
0.803211
0.987405
1.61826e-005
1.31464e-008
0.139933
0.0304792
0.000105231
9.66477e-005
0.419073
0.596479
0.600175
0.807485
1.48767e-005
3.74891e-006
4.02243e-006
6.00865e-006
1.81295e-005
6.07977e-006
7.07049e-006
6.53989e-006
9.32675e-006
7.59138e-006
1.32912e-005
1.09902e-005
1.08177e-005
4.62186e-006
4.43271e-006
2.92547e-006
0.00683645
0.999979
1
0.999996
0.523016
0.999995
0.999996
0.926131
0.960751
0.999988
0.99995
0.875758
0.16653
0.999938
1
0.999974
0.278913
8.12905e-009
3.66955e-007
0.0642417
0.570514
0.00192818
0.478182
0.999573
0.267414
0.000375034
0.292969
0.994825
0.00241259
5.46551e-006
0.00354273
0.0685567
4.91071e-005
0.531164
1
1
2.04786e-007
0.0347655
0.999999
0.999969
0.475939
0.976252
0.999999
0.999357
0.539849
0.270471
0.335568
0.451883
0.000431525
4.86994e-010
6.88166e-013
1.71009e-009
7.32501e-008
3.02759e-012
3.86511e-012
2.64166e-008
1.74685e-010
2.60559e-011
1.61352e-012
3.75414e-009
2.53202e-008
1.40962e-010
5.57221e-013
2.73508e-012
0.496619
0.0889033
0.000758587
2.55129e-007
1
0.999986
0.519187
0.218272
0.596637
0.00483423
0.469692
0.752633
0.500037
0.979
1
1
0.000479062
1.87871e-006
4.22507e-009
0.000512416
0.999961
0.800233
0.319115
0.0600401
0.317223
0.000660412
0.460781
0.800855
0.465841
0.959151
1
1
1.20666e-005
6.71204e-006
5.92321e-006
6.73409e-006
2.08171e-005
1.04334e-005
1.03958e-005
4.60986e-006
1.41075e-005
1.29414e-005
1.97342e-005
1.11807e-005
1.39171e-005
8.63334e-006
8.43862e-006
6.16494e-006
0.253573
0.551349
1
1
3.47842e-007
4.2548e-005
0.847058
0.99991
0.00607383
0.500753
0.989821
0.98089
0.432559
0.48672
0.090898
2.78484e-005
4.93915e-005
3.64999e-005
4.34725e-005
4.44375e-005
7.79614e-005
5.75576e-005
5.907e-005
3.95225e-005
5.42552e-005
5.44318e-005
9.07454e-005
6.89551e-005
5.82337e-005
4.8245e-005
3.98832e-005
3.2451e-005
0.501087
0.000604418
4.57008e-010
0.0079896
1
0.490165
1.81692e-005
0.319176
0.486935
0.00259955
0.0192151
0.993735
0.423795
0.865239
0.961846
0.997266
0.342247
0.980438
0.272931
3.83922e-005
0.000275352
0.276943
6.81285e-005
7.65956e-009
0.0733215
0.0772193
7.15535e-005
4.93112e-009
0.441749
0.0279495
2.23307e-006
1.47948e-006
0.999882
0.999872
0.0247153
0.038284
0.052946
0.120584
7.43521e-007
0.000235326
0.599968
0.590977
0.0124635
3.13836e-006
0.918709
0.383203
1.84998e-007
1.67325e-011
