1
1
1
1
0.999923
0.999965
1
0.999999
0.999671
0.998673
0.995552
0.592674
0.366412
0.073434
0.000209635
2.64e-006
9.87434e-006
6.0572e-006
2.9285e-006
2.35414e-006
1.59998e-005
1.19568e-005
8.85926e-006
4.6832e-006
1.10565e-005
8.07805e-006
8.44654e-006
4.05284e-006
6.60683e-006
3.19455e-006
1.8983e-006
9.4585e-007
0.00259953
0.0448542
6.59738e-005
4.92876e-008
0.310853
0.297699
0.000125029
1.37915e-005
0.00395754
0.122357
0.359463
0.244453
0.141472
0.477111
0.995591
0.966434
2.89277e-005
1.5497e-005
7.95638e-006
5.72721e-006
4.14156e-005
2.20054e-005
1.97225e-005
1.15529e-005
3.38543e-005
2.06261e-005
2.4739e-005
8.94469e-006
1.55754e-005
7.72369e-006
6.90478e-006
2.56483e-006
0.000111743
0.400313
0.997256
0.991396
0.000675569
0.00419824
0.638461
0.744206
0.617255
0.817968
0.919042
0.995959
0.753229
0.994776
0.999998
1
0.993781
0.305497
0.00878989
0.0696857
0.999999
0.994045
0.929037
0.999351
0.999986
0.848994
0.716729
0.522328
0.723181
0.205394
5.29339e-005
1.60983e-007
0.368721
0.435406
0.988106
0.999997
0.0210032
0.444146
0.999406
0.998286
0.743141
0.369679
0.830169
0.901164
0.353669
0.00104604
5.44634e-005
0.0192393
1.55752e-005
5.12444e-009
1.83599e-011
5.32571e-011
6.02402e-006
1.04894e-007
2.48931e-010
7.25276e-010
2.23234e-008
3.47469e-009
2.74136e-011
1.07731e-011
3.60664e-010
4.64008e-010
3.92885e-013
1.37329e-014
0.0365325
3.67057e-005
3.87196e-005
7.80457e-007
0.999194
0.999038
0.749102
0.617018
0.999616
0.992613
0.998669
1
1
1
1
1
8.00226e-006
1.164e-008
7.68875e-010
1.47415e-009
0.589957
0.398457
0.269941
0.473683
0.722832
0.879038
0.996066
0.999994
0.991264
0.999996
1
1
2.31888e-005
1.31133e-005
9.99302e-006
6.90307e-006
3.46132e-005
2.35149e-005
2.07105e-005
1.18031e-005
3.2417e-005
2.50016e-005
3.98671e-005
1.61018e-005
2.22259e-005
9.86558e-006
1.08188e-005
5.69012e-006
0.629333
0.598494
0.998211
1
0.0585712
0.156866
0.599628
0.546121
0.0342758
0.02789
0.000436121
0.000573785
0.0474299
0.0170186
1.37741e-005
7.40068e-006
8.40636e-005
6.35717e-005
4.94959e-005
3.95673e-005
0.000128247
9.10576e-005
8.44643e-005
5.93626e-005
0.000118914
8.2321e-005
0.000111368
6.30664e-005
8.57913e-005
5.28146e-005
4.23047e-005
2.9887e-005
0.517704
0.00161022
5.35999e-006
1.36915e-005
0.99997
0.958276
0.292039
0.567698
0.999832
0.999635
0.98105
0.991639
0.995956
0.999955
0.999849
0.864739
0.00311563
0.0510779
0.00349498
0.000290208
8.65225e-008
5.87226e-005
3.59236e-006
4.05847e-009
5.08317e-009
0.000141773
3.83539e-006
2.74856e-005
7.93108e-007
9.01389e-006
8.67403e-006
0.000695542
0.814733
0.999999
0.999364
0.994784
0.32727
0.706901
0.0330136
0.0418103
0.000991516
0.466448
0.0564804
7.87976e-005
2.56021e-006
0.00670049
5.34642e-007
1.56772e-007
