0.999999
1
1
1
0.998435
0.97126
0.999968
1
0.959945
0.831417
0.998945
0.939547
0.586644
0.460682
0.0362118
0.0386032
1.23208e-005
9.37923e-006
4.85712e-006
3.23325e-006
1.79155e-005
1.49227e-005
1.15204e-005
4.47265e-006
1.8097e-005
1.12088e-005
8.7286e-006
3.58848e-006
1.58478e-005
7.14059e-006
2.3721e-006
1.74795e-006
0.347249
0.441624
1.54567e-005
2.64301e-009
0.499953
0.999371
0.0773763
2.54212e-007
0.306545
0.738911
0.498621
0.00400813
0.220138
0.524174
0.818287
0.439006
4.31428e-005
2.79024e-005
1.35673e-005
9.52783e-006
5.8904e-005
3.25223e-005
2.64224e-005
1.25877e-005
5.3442e-005
3.41739e-005
2.35626e-005
8.71821e-006
3.45162e-005
1.58935e-005
7.01401e-006
4.20919e-006
1.13562e-009
2.84084e-005
0.775681
0.618958
4.22415e-007
6.26071e-006
0.515341
0.14835
0.000143467
0.0410725
0.93671
0.859367
0.038802
0.539849
0.999944
1
1
0.93019
0.459745
0.774699
1
0.999986
0.999188
1
1
0.930826
0.748512
0.990289
0.999695
0.520877
0.000139969
0.00167276
0.00545032
0.335769
0.958112
1
0.000107916
0.0774601
0.999547
0.99988
0.221303
0.000146588
0.994042
0.99342
0.3882
0.000160714
0.13965
0.713625
0.449913
8.5031e-005
2.0646e-009
2.64193e-008
0.621484
0.00191829
3.68006e-009
1.92278e-007
0.00216501
6.77745e-007
2.56578e-011
9.80462e-010
2.41017e-006
1.05183e-008
4.52738e-012
3.78869e-014
0.0357963
0.000289443
0.000203488
1.18017e-007
0.999118
0.999981
0.983799
0.531954
0.997754
0.999599
0.98096
0.999978
1
1
1
1
9.08147e-006
2.34091e-008
7.70676e-009
2.72221e-006
0.652709
0.516374
0.499523
0.480077
0.784902
0.200688
0.995872
0.999997
0.836215
0.854917
0.999986
0.989374
2.29108e-005
1.91195e-005
1.35515e-005
9.8475e-006
2.92767e-005
3.46858e-005
2.49813e-005
9.51897e-006
3.24663e-005
3.36987e-005
3.54518e-005
1.15388e-005
3.33803e-005
1.66388e-005
1.3222e-005
7.98624e-006
0.5373
0.289586
0.990339
1
0.0561621
0.000249357
0.388135
0.526941
0.101642
7.05559e-005
0.000999243
0.000269712
0.235629
0.02788
2.83944e-005
0.0963915
0.000100139
8.34388e-005
6.2161e-005
5.05344e-005
0.000134803
0.000114211
0.000111466
6.4592e-005
0.000140124
0.000110851
0.000112101
5.59387e-005
0.000128782
9.07354e-005
4.5584e-005
3.98622e-005
0.579463
0.00266326
0.000271701
0.0041081
0.999994
0.997276
0.666373
0.84605
1
0.999762
0.996253
0.999871
0.99997
0.999894
0.995876
0.333375
0.197609
0.229309
0.000122354
1.49454e-007
0.000481919
0.00827512
1.21311e-005
2.93224e-011
1.94792e-006
0.000903015
8.91342e-006
1.21406e-006
4.7317e-005
0.000685742
0.000168727
0.000146444
0.983354
1
0.986077
0.784792
0.497474
0.939647
0.000786884
0.000206183
0.00460231
0.670507
0.0283073
1.31415e-006
0.00169161
0.253944
0.0058998
1.07219e-008
