0.620356
0.569874
0.85066
0.744499
0.999999
0.999998
0.999993
0.999684
1
0.758813
0.485314
0.311226
1
0.899359
0.655722
0.999871
2.5857e-005
1.02275e-005
5.50608e-006
5.16176e-006
1.35422e-005
1.41341e-005
7.7706e-006
3.12743e-006
1.26453e-005
1.49765e-005
6.08941e-006
2.58607e-006
2.023e-005
1.72001e-005
1.07725e-005
1.27089e-005
0.242796
0.703143
0.333052
1.74183e-006
3.65847e-009
0.500428
0.0485639
0.0255722
1.20842e-007
0.299599
0.982284
0.616369
0.000189527
0.478967
0.556312
0.00146374
6.98307e-005
3.04778e-005
1.37317e-005
1.73041e-005
2.87587e-005
3.4239e-005
1.54441e-005
8.64987e-006
3.1998e-005
4.11637e-005
2.0982e-005
5.88458e-006
4.74593e-005
3.76649e-005
1.98471e-005
2.5995e-005
0.120575
0.0248018
0.9762
0.999994
0.341876
7.75579e-006
0.115144
0.956814
0.491364
0.000119271
0.544769
0.999053
0.00104476
0.000420508
0.774351
0.721434
0.999985
0.57406
0.149612
0.658419
1
0.988206
0.519454
0.485585
0.999943
0.999187
0.540826
0.202317
0.999966
0.993713
0.0708813
0.000618058
0.0011032
0.00180047
0.746884
0.999219
0.788184
0.0108462
0.75803
0.538306
0.999995
0.207605
0.021188
0.592475
0.960432
0.00115997
0.153527
0.997212
6.40248e-006
2.90108e-006
1.05068e-008
4.50416e-010
0.00021458
9.01127e-005
2.92455e-007
1.14037e-009
1.95355e-007
9.9303e-006
1.17155e-010
3.95871e-013
0.00888326
0.00535172
3.26413e-006
0.000654859
0.772175
0.499424
0.0417132
0.250299
0.213722
0.436625
0.494667
0.742736
0.480952
0.997441
0.999999
1
0.233264
0.499829
0.499988
0.108268
0.442482
0.00151819
0.18711
0.749433
0.642142
0.00590249
0.231903
0.426511
0.930147
0.852445
0.998033
0.991502
0.427491
0.356959
0.433466
2.33233e-007
4.22077e-005
2.41816e-005
1.97553e-005
1.99791e-005
2.47971e-005
2.58576e-005
1.90639e-005
8.14313e-006
2.62198e-005
3.42079e-005
2.52705e-005
1.23919e-005
4.47281e-005
3.39133e-005
2.31368e-005
2.76612e-005
0.499981
0.486201
0.500001
0.500678
0.999998
0.678445
0.500016
0.500693
0.999998
0.236411
1.1131e-007
0.0103422
0.999906
0.353322
0.142492
0.758472
0.000172
0.000105196
8.43521e-005
8.31729e-005
0.000154846
0.000107942
7.70408e-005
4.73183e-005
0.00015048
0.00013275
8.75202e-005
5.49437e-005
0.000156824
0.000155248
0.000113443
0.000130151
0.81572
0.499996
0.493608
0.761302
0.997926
0.732309
0.488744
0.550589
0.821978
0.999992
0.999908
0.506457
0.299721
0.500934
0.248705
7.13258e-009
4.76843e-007
0.643371
0.589217
1.87118e-005
3.61138e-011
0.00245743
0.0142958
3.83092e-006
2.277e-007
0.000212935
0.000164902
0.000509025
0.515842
0.747936
0.893617
0.701536
0.00502538
0.999969
0.753774
0.0203996
1.61974e-005
0.788093
0.985759
0.0697142
4.17114e-007
0.32777
0.429794
0.00225294
0.739202
0.792162
0.983966
-9.25596e+061
