0.999823
1
1
1
0.920457
0.473424
0.994988
0.999998
0.601713
0.261087
0.988106
0.948742
0.255748
0.00271557
0.00295024
0.283828
1.69586e-005
1.41486e-005
7.44236e-006
4.40615e-006
2.59455e-005
2.13632e-005
1.42666e-005
5.00752e-006
2.29515e-005
1.38899e-005
8.63606e-006
3.94974e-006
1.64318e-005
7.13852e-006
2.25764e-006
2.31716e-006
0.513034
0.922343
0.000342961
2.97413e-009
0.500172
0.999997
0.320298
8.17932e-008
0.506867
0.992783
0.506728
0.00197425
0.509337
0.962933
0.742764
0.169306
6.95131e-005
4.77935e-005
2.13934e-005
1.25459e-005
0.000101458
4.93003e-005
3.20692e-005
1.42089e-005
7.84602e-005
4.98093e-005
2.45704e-005
9.47844e-006
3.70142e-005
1.545e-005
5.90974e-006
5.07738e-006
2.11205e-012
1.4239e-007
0.284542
0.157545
1.96567e-008
3.85406e-007
0.345326
0.0742563
1.77323e-006
0.0240556
0.967826
0.862128
0.00359335
0.645184
0.999987
1
1
0.997259
0.832469
0.999085
1
0.999999
0.999953
1
1
0.916753
0.594464
0.984982
0.999918
0.530509
7.63051e-005
0.0318115
4.44877e-005
0.0295093
0.985695
1
7.26307e-006
0.000210632
0.9453
0.999836
0.0913883
1.30482e-006
0.750501
0.999826
0.0399084
8.03309e-007
0.175269
0.735402
0.998041
0.140973
9.39822e-008
1.48246e-006
0.999121
0.346664
5.99508e-008
1.66062e-006
0.33735
6.46505e-005
7.8636e-012
2.32779e-009
0.000115491
2.33307e-008
8.14595e-012
4.77876e-014
0.250633
0.00762309
0.00271531
7.33748e-007
0.998755
0.999999
0.999962
0.886801
0.998816
0.999776
0.984401
0.999859
1
1
1
0.999936
0.00153236
1.88805e-007
2.35678e-007
3.35853e-007
0.853456
0.749796
0.793757
0.533574
0.945995
0.172896
0.995491
0.999999
0.999366
0.997222
0.999992
0.888044
2.85862e-005
2.78594e-005
1.89322e-005
1.14295e-005
3.67802e-005
4.69123e-005
2.97166e-005
9.74269e-006
3.70302e-005
4.20768e-005
3.60431e-005
1.20426e-005
3.48683e-005
1.6687e-005
1.12332e-005
9.55072e-006
0.529527
0.100771
0.998442
0.999999
0.0104213
3.5238e-007
0.237191
0.50708
0.113182
1.00887e-006
0.00122538
0.00738655
0.0669933
3.35813e-005
0.000116983
0.448467
0.000120286
0.00011326
8.10876e-005
6.03355e-005
0.000171009
0.000145757
0.000131184
6.9346e-005
0.000162254
0.000137397
0.000115344
6.08284e-005
0.000133392
9.08687e-005
4.3981e-005
4.5658e-005
0.76143
0.0581861
0.00413732
0.0204852
1
0.999948
0.982905
0.997029
1
0.999921
0.997886
0.999767
1
0.999985
0.978194
0.25174
0.360884
0.763111
0.000463499
8.27123e-009
0.0866915
0.193908
0.000252628
4.81849e-012
9.00726e-005
0.00688058
0.000162433
1.96554e-007
0.0023852
0.000965411
0.00015805
3.69936e-005
0.980942
1
0.771708
0.429561
0.500009
0.996186
0.00955511
1.7091e-007
0.0611334
0.967031
0.241218
3.8518e-007
0.00583176
0.223326
0.00158373
2.42938e-009
