0.99998
1
1
1
0.971872
0.67488
0.997822
1
0.859657
0.484213
0.997023
0.998542
0.458491
0.46611
0.0936499
0.243392
1.32738e-005
1.11802e-005
6.01115e-006
4.51906e-006
1.93082e-005
1.59331e-005
1.22797e-005
5.54624e-006
1.82536e-005
1.18368e-005
9.32355e-006
4.55684e-006
1.66432e-005
7.84597e-006
2.68227e-006
2.73533e-006
0.497812
0.73664
0.000125059
7.08616e-009
0.500107
0.999863
0.240728
2.33013e-008
0.486997
0.82341
0.503411
0.00060083
0.169554
0.524745
0.788732
0.288483
5.38095e-005
3.89067e-005
1.79125e-005
1.26393e-005
7.35661e-005
3.95916e-005
2.84511e-005
1.52612e-005
6.09475e-005
3.92524e-005
2.39602e-005
1.06627e-005
3.69591e-005
1.75442e-005
7.96661e-006
6.45273e-006
1.34335e-011
1.41454e-006
0.479385
0.382848
2.79468e-008
4.96852e-007
0.402566
0.0544856
1.02172e-005
0.0200663
0.89477
0.739297
0.00209677
0.45834
0.999834
0.999998
1
0.996878
0.786868
0.998262
1
0.999999
0.999767
1
1
0.982329
0.772391
0.999834
0.99998
0.610149
0.000284969
0.0855642
0.000133479
0.0817395
0.920354
1
1.09853e-005
0.00453499
0.989967
0.99994
0.132778
2.4711e-005
0.936859
0.999819
0.257845
4.02952e-005
0.249835
0.751427
0.976935
0.0112501
1.61645e-008
5.64636e-007
0.987818
0.131039
3.97473e-008
2.01633e-006
0.123421
1.27634e-005
8.61803e-011
1.17417e-008
9.32444e-005
1.23714e-007
2.3988e-011
1.97875e-013
0.149922
0.000517151
0.00070748
1.186e-007
0.999484
0.999994
0.993185
0.512049
0.993843
0.997879
0.978585
0.999749
1
0.999997
1
1
9.0713e-005
5.14628e-008
9.25489e-008
3.74024e-006
0.700663
0.524004
0.5019
0.487019
0.79501
0.390326
0.987948
0.999997
0.813181
0.677002
0.999815
0.997565
2.35135e-005
2.32201e-005
1.65437e-005
1.22441e-005
2.9596e-005
3.63344e-005
2.5663e-005
1.09821e-005
3.07448e-005
3.6423e-005
3.56788e-005
1.2655e-005
3.08965e-005
1.71384e-005
1.3999e-005
1.1333e-005
0.492496
0.0448406
0.978384
0.999998
0.0204555
1.27148e-005
0.315472
0.62985
0.126434
7.04302e-006
0.00438202
0.00417837
0.230917
0.00637794
0.00112788
0.384155
0.000100094
9.8942e-005
7.27857e-005
5.9659e-005
0.00014404
0.0001223
0.000115397
7.50173e-005
0.000137791
0.000118293
0.000118498
6.49206e-005
0.000128038
9.37444e-005
4.90749e-005
5.17887e-005
0.744686
0.0108055
0.00134618
0.0403079
0.999999
0.998341
0.697843
0.974499
1
0.999881
0.996416
0.999912
0.999998
0.99988
0.991141
0.38055
0.299207
0.535348
0.000177372
5.62997e-009
0.00662455
0.0239839
0.000113966
7.5497e-012
1.86126e-005
0.00304341
0.000168481
4.8659e-007
5.54684e-005
0.000225964
0.000209594
5.21019e-005
0.986945
1
0.950819
0.444841
0.499815
0.974429
0.00381962
5.46184e-006
0.0412182
0.908701
0.23449
1.18537e-006
0.00758293
0.271026
0.0308399
8.17436e-009
