1
1
1
1
0.980035
0.965387
0.999991
0.999999
0.974123
0.965416
0.999633
0.867702
0.799464
0.539836
0.0264616
0.000247921
8.94741e-006
7.02841e-006
3.64452e-006
2.80989e-006
1.49369e-005
1.22028e-005
8.84261e-006
4.63264e-006
1.21017e-005
8.86537e-006
7.40865e-006
3.89516e-006
1.19699e-005
5.42002e-006
1.98514e-006
1.11706e-006
0.116821
0.409131
2.11317e-005
2.50161e-008
0.499869
0.995392
0.0250373
7.94296e-007
0.243631
0.31299
0.420931
0.0414241
0.0248994
0.431376
0.935251
0.935476
3.27901e-005
2.07806e-005
1.03591e-005
7.03937e-006
4.66012e-005
2.66778e-005
2.03572e-005
1.20721e-005
3.52992e-005
2.43788e-005
2.09814e-005
8.19379e-006
2.55537e-005
1.2731e-005
6.70587e-006
3.02202e-006
1.89445e-008
0.00109763
0.966297
0.889359
1.51561e-005
0.000417118
0.785698
0.492315
0.0694267
0.54974
0.971092
0.941742
0.031982
0.829351
0.999995
1
0.999792
0.704126
0.209396
0.486615
1
0.999896
0.989229
0.999997
0.999994
0.903734
0.673996
0.866459
0.934367
0.426652
4.59537e-005
2.96714e-006
0.0243585
0.48938
0.926526
1
2.71832e-005
0.100517
0.993736
0.999272
0.225578
0.187035
0.919299
0.97907
0.516571
0.0472765
0.0529492
0.280305
0.192842
1.37156e-006
2.16766e-010
2.71379e-009
0.0582985
8.47253e-006
1.37129e-010
1.22423e-008
3.28724e-006
5.91596e-009
7.08748e-012
6.71235e-011
5.55226e-008
1.83657e-009
2.0144e-012
3.34316e-014
0.0108058
5.81672e-005
0.000164685
9.1447e-008
0.999912
0.999996
0.957804
0.523149
0.997768
0.99613
0.997381
0.999996
0.999918
0.99999
1
1
3.94477e-006
4.55758e-008
3.64175e-009
3.67613e-009
0.742401
0.655303
0.439835
0.497738
0.703057
0.286856
0.990114
0.999999
0.537428
0.987482
0.999984
1
1.96919e-005
1.51349e-005
1.14329e-005
7.76813e-006
2.89369e-005
2.74498e-005
2.10969e-005
1.03686e-005
2.81034e-005
2.78068e-005
3.34914e-005
1.32543e-005
3.10505e-005
1.5615e-005
1.09473e-005
6.69989e-006
0.732984
0.559781
0.998824
1
0.0133223
0.00111333
0.404066
0.543998
0.00738508
0.00281483
0.000615797
0.000349952
0.301305
0.216392
0.000302916
2.70238e-005
7.66817e-005
6.80548e-005
5.53119e-005
4.17767e-005
0.000122714
9.65293e-005
9.07418e-005
6.10659e-005
0.000115063
9.29309e-005
0.000107635
5.67207e-005
0.000110457
7.76222e-005
4.23548e-005
2.99242e-005
0.454147
0.00143557
8.4295e-005
6.55891e-005
0.999999
0.997622
0.52701
0.802085
0.999989
0.998705
0.984957
0.998645
0.990353
0.999567
0.99427
0.735758
0.235716
0.304994
0.000395178
1.04734e-005
1.1019e-006
0.000512206
4.54133e-006
1.04518e-010
1.07998e-007
0.000277869
1.99019e-005
3.77947e-006
0.0016478
3.49469e-005
6.26199e-005
0.000262245
0.985038
1
0.99368
0.958395
0.427836
0.697888
0.00426735
0.000111414
0.00104125
0.489738
0.309743
4.64178e-005
0.169746
0.234363
0.00133005
8.197e-007
